0 14.5416
1 14.5165
2 14.4193
3 14.6381
4 14.5605
5 14.5636
6 14.5551
7 14.383
8 14.4462
9 14.6375
10 14.4124
11 14.4277
12 14.6147
13 14.499
14 14.5732
15 14.4461
16 14.5296
17 14.6443
18 14.575
19 14.3363
20 14.4217
21 14.5174
22 14.4396
23 14.5235
24 14.4207
25 14.4929
26 14.5812
27 14.5456
28 14.4697
29 14.5631
30 14.5854
31 14.4274
32 14.6754
33 14.3076
34 14.4214
35 14.4243
36 14.4214
37 14.4973
38 14.4863
39 14.5317
40 14.6816
41 14.3987
42 14.6206
43 14.4138
44 14.4399
45 14.5826
46 14.5814
47 14.472
48 14.4993
49 14.5638
50 14.4329
51 14.5473
52 14.4042
53 14.4494
54 14.473
55 14.5238
56 14.5372
57 14.4877
58 14.4981
59 14.6228
60 14.2241
61 14.5384
62 14.5486
63 14.4634
64 14.5295
65 14.5453
66 14.4553
67 14.5821
68 14.452
69 14.5103
70 14.5449
71 14.7421
72 14.5007
73 14.5284
74 14.4224
75 14.2833
76 14.4649
77 14.6551
78 14.4808
79 14.5438
80 14.5878
81 14.5107
82 14.3633
83 14.3938
84 14.4005
85 14.4307
86 14.4935
87 14.5482
88 14.5049
89 14.299
90 14.5214
91 14.5419
92 14.3626
93 14.3113
94 14.447
95 14.43
96 14.5069
97 14.5672
98 14.414
99 14.465
100 14.61
101 14.5984
102 14.5204
103 14.64
104 14.4669
105 14.4342
106 14.4969
107 14.5774
108 14.4144
109 14.3924
110 14.5368
111 14.4671
112 14.344
113 14.6685
114 14.4126
115 14.5664
116 14.5197
117 14.4562
118 14.4861
119 14.4264
120 14.5455
121 14.5422
122 14.5191
123 14.5644
124 14.5353
125 14.7922
126 14.4643
127 14.371
128 14.4165
129 14.4964
130 14.3817
131 14.5815
132 14.6133
133 14.5085
134 14.6104
135 14.4675
136 14.6041
137 14.3927
138 14.475
139 14.5238
140 14.4632
141 14.4185
142 14.5236
143 14.576
144 14.2049
145 14.4376
146 14.5625
147 14.428
148 14.4148
149 14.518
150 14.4834
151 14.4452
152 14.3954
153 14.4997
154 14.6518
155 14.5348
156 14.4354
157 14.4326
158 14.3216
159 14.3497
160 14.3649
161 14.5344
162 14.3447
163 14.4763
164 14.4758
165 14.496
166 14.4036
167 14.3941
168 14.4587
169 14.4078
170 14.4573
171 14.677
172 14.5952
173 14.5687
174 14.5094
175 14.4785
176 14.43
177 14.4423
178 14.5024
179 14.586
180 14.7377
181 14.4331
182 14.3325
183 14.4322
184 14.3524
185 14.7492
186 14.5154
187 14.4074
188 14.6152
189 14.5319
190 14.3734
191 14.5443
192 14.5907
193 14.4504
194 14.5306
195 14.5702
196 14.5122
197 14.3647
198 14.5075
199 14.4051
200 14.519
201 14.3247
202 14.4854
203 14.5889
204 14.3932
205 14.4579
206 14.5415
207 14.437
208 14.5115
209 14.5786
210 14.4009
211 14.3946
212 14.4039
213 14.417
214 14.4783
215 14.5009
216 14.683
217 14.4394
218 14.6417
219 14.4237
220 14.5332
221 14.5755
222 14.3446
223 14.5118
224 14.2844
225 14.5892
226 14.402
227 14.6849
228 14.4141
229 14.4917
230 14.5622
231 14.5433
232 14.4742
233 14.6233
234 14.5489
235 14.3925
236 14.6444
237 14.5615
238 14.5395
239 14.5556
240 14.5047
241 14.4908
242 14.4003
243 14.4315
244 14.4949
245 14.4089
246 14.5699
247 14.6006
248 14.4617
249 14.3366
250 14.5314
251 14.5016
252 14.4212
253 14.5995
254 14.4734
255 14.4849
256 14.4271
257 14.5447
258 14.3287
259 14.5123
260 14.472
261 14.3899
262 14.5804
263 14.5373
264 14.5801
265 14.3033
266 14.5355
267 14.5903
268 14.52
269 14.5427
270 14.5377
271 14.5313
272 14.313
273 14.5927
274 14.4728
275 14.5478
276 14.4323
277 14.6543
278 14.4495
279 14.6562
280 14.3641
281 14.5811
282 14.6684
283 14.4409
284 14.3008
285 14.5114
286 14.5243
287 14.4107
288 14.7161
289 14.4604
290 14.5196
291 14.5568
292 14.5169
293 14.4303
294 14.4354
295 14.3973
296 14.6623
297 14.3086
298 14.555
299 14.6493
300 14.4591
301 14.3734
302 14.3913
303 14.5254
304 14.6817
305 14.4896
306 14.4809
307 14.5125
308 14.5097
309 14.4205
310 14.39
311 14.4391
312 14.4936
313 14.5872
314 14.5687
315 14.5005
316 14.373
317 14.3938
318 14.4988
319 14.4537
320 14.3933
321 14.5184
322 14.527
323 14.6604
324 14.6148
325 14.6441
326 14.4554
327 14.5274
328 14.476
329 14.388
330 14.641
331 14.4794
332 14.4601
333 14.314
334 14.5822
335 14.4195
336 14.4964
337 14.3866
338 14.3887
339 14.4443
340 14.3525
341 14.4248
342 14.7018
343 14.5464
344 14.393
345 14.3994
346 14.474
347 14.402
348 14.4312
349 14.6491
350 14.3599
351 14.4488
352 14.3357
353 14.5336
354 14.4792
355 14.3521
356 14.6604
357 14.4253
358 14.4743
359 14.4014
360 14.4872
361 14.4506
362 14.384
363 14.4631
364 14.6153
365 14.4731
366 14.5086
367 14.5128
368 14.5722
369 14.5576
370 14.5599
371 14.5212
372 14.3191
373 14.5932
374 14.5493
375 14.5491
376 14.4047
377 14.5509
378 14.4072
379 14.5042
380 14.32
381 14.4146
382 14.4802
383 14.5288
384 14.4486
385 14.4594
386 14.4759
387 14.4232
388 14.386
389 14.423
390 14.4565
391 14.4139
392 14.4637
393 14.4123
394 14.4272
395 14.4808
396 14.4897
397 14.5488
398 14.5203
399 14.6051
400 14.5623
401 14.5086
402 14.6398
403 14.4521
404 14.544
405 14.3841
406 14.5388
407 14.4631
408 14.4972
409 14.4178
410 14.5251
411 14.5788
412 14.5341
413 14.6285
414 14.4806
415 14.582
416 14.5614
417 14.5713
418 14.4631
419 14.6201
420 14.5046
421 14.3948
422 14.4351
423 14.4949
424 14.4889
425 14.4337
426 14.4973
427 14.5172
428 14.4014
429 14.471
430 14.5912
431 14.4376
432 14.4704
433 14.4974
434 14.3094
435 14.4341
436 14.5628
437 14.6169
438 14.3724
439 14.5089
440 14.3127
441 14.5413
442 14.5829
443 14.4327
444 14.4887
445 14.4715
446 14.5899
447 14.5813
448 14.5467
449 14.4324
450 14.6103
451 14.571
452 14.3294
453 14.4855
454 14.5128
455 14.6531
456 14.5497
457 14.5803
458 14.6127
459 14.6276
460 14.4858
461 14.6211
462 14.4631
463 14.5925
464 14.5059
465 14.6403
466 14.4445
467 14.627
468 14.4157
469 14.5383
470 14.3412
471 14.4713
472 14.4374
473 14.2247
474 14.5027
475 14.4341
476 14.5176
477 14.4255
478 14.563
479 14.4682
480 14.4093
481 14.3015
482 14.5497
483 14.3716
484 14.4622
485 14.5918
486 14.3627
487 14.6762
488 14.3793
489 14.5286
490 14.3685
491 14.6231
492 14.5039
493 14.5257
494 14.4629
495 14.4593
496 14.5562
497 14.6158
498 14.4703
499 14.379
500 14.4699
501 14.5629
502 14.5907
503 14.6038
504 14.5214
505 14.6941
506 14.5114
507 14.4724
508 14.4174
509 14.4622
510 14.3476
511 14.5942
512 14.7791
513 14.5592
514 14.526
515 14.5891
516 14.5084
517 14.6655
518 14.4052
519 14.6352
520 14.4942
521 14.5358
522 14.4486
523 14.5237
524 14.5079
525 14.5422
526 14.2819
527 14.4462
528 14.581
529 14.467
530 14.3789
531 14.551
532 14.5063
533 14.3968
534 14.3768
535 14.4262
536 14.5317
537 14.4459
538 14.5054
539 14.5506
540 14.2339
541 14.5494
542 14.6186
543 14.5274
544 14.4943
545 14.5782
546 14.5312
547 14.5135
548 14.6116
549 14.3637
550 14.4935
551 14.4436
552 14.5205
553 14.6133
554 14.3563
555 14.4449
556 14.6846
557 14.3523
558 14.5223
559 14.6151
560 14.5458
561 14.5333
562 14.3114
563 14.4628
564 14.418
565 14.3337
566 14.5661
567 14.4182
568 14.3556
569 14.5539
570 14.4934
571 14.4975
572 14.3826
573 14.538
574 14.5788
575 14.5451
576 14.5208
577 14.5283
578 14.6073
579 14.4231
580 14.385
581 14.6244
582 14.6176
583 14.4613
584 14.4046
585 14.5646
586 14.5393
587 14.5342
588 14.6223
589 14.4619
590 14.4058
591 14.457
592 14.4742
593 14.4569
594 14.5019
595 14.3987
596 14.4568
597 14.4657
598 14.5064
599 14.6691
600 14.604
601 14.4854
602 14.4929
603 14.6212
604 14.4961
605 14.5831
606 14.2838
607 14.4279
608 14.4493
609 14.4659
610 14.3686
611 14.6155
612 14.5666
613 14.4285
614 14.7378
615 14.4644
616 14.5034
617 14.4178
618 14.6052
619 14.5477
620 14.4846
621 14.4436
622 14.6083
623 14.5021
624 14.5373
625 14.5409
626 14.3649
627 14.4813
628 14.3866
629 14.5346
630 14.6081
631 14.4557
632 14.2714
633 14.5685
634 14.7664
635 14.3786
636 14.6515
637 14.4982
638 14.4662
639 14.3668
640 14.346
641 14.5456
642 14.4264
643 14.5937
644 14.5764
645 14.5775
646 14.6737
647 14.4923
648 14.5433
649 14.3244
650 14.3965
651 14.363
652 14.6178
653 14.5793
654 14.6296
655 14.5921
656 14.6322
657 14.4074
658 14.4236
659 14.5381
660 14.4963
661 14.6079
662 14.4724
663 14.3608
664 14.4809
665 14.4017
666 14.4393
667 14.6121
668 14.5172
669 14.4978
670 14.426
671 14.3833
672 14.7129
673 14.4635
674 14.5313
675 14.5231
676 14.4793
677 14.54
678 14.5802
679 14.53
680 14.41
681 14.6287
682 14.4102
683 14.4621
684 14.5585
685 14.6244
686 14.524
687 14.5359
688 14.5096
689 14.6439
690 14.4593
691 14.5166
692 14.4721
693 14.4708
694 14.4491
695 14.4813
696 14.5898
697 14.4562
698 14.3864
699 14.5475
700 14.6854
701 14.5091
702 14.5786
703 14.7029
704 14.5266
705 14.3997
706 14.5283
707 14.638
708 14.6574
709 14.4168
710 14.5577
711 14.5663
712 14.4677
713 14.5731
714 14.5559
715 14.5102
716 14.4715
717 14.5229
718 14.498
719 14.5009
720 14.298
721 14.4742
722 14.5115
723 14.4036
724 14.5286
725 14.5461
726 14.64
727 14.4852
728 14.5934
729 14.6055
730 14.5507
731 14.5034
732 14.574
733 14.589
734 14.5962
735 14.4053
736 14.5045
737 14.6192
738 14.5219
739 14.5814
740 14.4736
741 14.6105
742 14.6927
743 14.5099
744 14.6231
745 14.5581
746 14.3574
747 14.4814
748 14.4611
749 14.6079
750 14.5813
751 14.586
752 14.5306
753 14.4445
754 14.374
755 14.626
756 14.3908
757 14.5112
758 14.5716
759 14.363
760 14.4692
761 14.3165
762 14.5295
763 14.581
764 14.6063
765 14.4397
766 14.4931
767 14.3588
768 14.6217
769 14.4911
770 14.4228
771 14.4305
772 14.3956
773 14.4529
774 14.4889
775 14.4742
776 14.4514
777 14.5991
778 14.3662
779 14.5529
780 14.5753
781 14.3643
782 14.6693
783 14.458
784 14.4387
785 14.4985
786 14.576
787 14.6271
788 14.5646
789 14.5921
790 14.521
791 14.4269
792 14.404
793 14.5039
794 14.3252
795 14.5746
796 14.5129
797 14.5228
798 14.5358
799 14.4087
800 14.4687
801 14.4954
802 14.6757
803 14.7253
804 14.5312
805 14.6053
806 14.4916
807 14.6014
808 14.2824
809 14.6218
810 14.4303
811 14.4738
812 14.495
813 14.5189
814 14.4485
815 14.2891
816 14.3879
817 14.655
818 14.5909
819 14.393
820 14.5491
821 14.5301
822 14.4814
823 14.4467
824 14.4082
825 14.5285
826 14.3842
827 14.7374
828 14.4344
829 14.3427
830 14.5461
831 14.4516
832 14.3088
833 14.5434
834 14.438
835 14.4715
836 14.5121
837 14.5642
838 14.3352
839 14.3823
840 14.5149
841 14.4629
842 14.4963
843 14.53
844 14.4771
845 14.4771
846 14.3853
847 14.5951
848 14.5745
849 14.4966
850 14.3917
851 14.517
852 14.6872
853 14.5526
854 14.4409
855 14.5549
856 14.578
857 14.5175
858 14.5166
859 14.376
860 14.4344
861 14.3742
862 14.6015
863 14.4281
864 14.6605
865 14.5355
866 14.4617
867 14.4674
868 14.5995
869 14.4852
870 14.4478
871 14.4065
872 14.4234
873 14.5729
874 14.4599
875 14.6502
876 14.5896
877 14.5191
878 14.6448
879 14.4761
880 14.4609
881 14.5605
882 14.7282
883 14.487
884 14.3828
885 14.4948
886 14.4343
887 14.4828
888 14.495
889 14.4424
890 14.5597
891 14.589
892 14.5266
893 14.4512
894 14.5319
895 14.5837
896 14.5059
897 14.6393
898 14.5956
899 14.6422
900 14.5957
901 14.6042
902 14.4226
903 14.3925
904 14.5078
905 14.4476
906 14.5489
907 14.6251
908 14.3443
909 14.4723
910 14.5805
911 14.5296
912 14.6302
913 14.4778
914 14.4626
915 14.4263
916 14.5832
917 14.4549
918 14.613
919 14.4338
920 14.4036
921 14.5201
922 14.4277
923 14.6629
924 14.4101
925 14.657
926 14.6473
927 14.546
928 14.5133
929 14.4078
930 14.4081
931 14.5857
932 14.4695
933 14.4821
934 14.2111
935 14.3322
936 14.2528
937 14.4162
938 14.3559
939 14.5593
940 14.5684
941 14.6074
942 14.5993
943 14.5092
944 14.6064
945 14.3833
946 14.4821
947 14.6686
948 14.5741
949 14.6005
950 14.5131
951 14.6376
952 14.5953
953 14.4883
954 14.5625
955 14.519
956 14.4173
957 14.5009
958 14.5175
959 14.478
960 14.6453
961 14.3649
962 14.3202
963 14.5783
964 14.4573
965 14.5243
966 14.7223
967 14.5519
968 14.49
969 14.4138
970 14.5341
971 14.668
972 14.5208
973 14.5776
974 14.5682
975 14.4623
976 14.5912
977 14.6882
978 14.4506
979 14.4606
980 14.6282
981 14.4761
982 14.5751
983 14.4563
984 14.5526
985 14.4696
986 14.6227
987 14.6399
988 14.5608
989 14.5876
990 14.4763
991 14.6183
992 14.4786
993 14.4388
994 14.5133
995 14.4868
996 14.4912
997 14.3785
998 14.381
999 14.5621
1000 14.711
1001 14.4758
1002 14.5432
1003 14.7059
1004 14.5286
1005 14.4651
1006 14.6058
1007 14.5043
1008 14.4769
1009 14.8185
1010 14.3816
1011 14.6055
1012 14.475
1013 14.518
1014 14.3875
1015 14.4055
1016 14.3749
1017 14.544
1018 14.5849
1019 14.5301
1020 14.5423
1021 14.6932
1022 14.4864
1023 14.6454
1024 14.6889
1025 14.5159
1026 14.6235
1027 14.5806
1028 14.6783
1029 14.5871
1030 14.5159
1031 14.5129
1032 14.4899
1033 14.4386
1034 14.441
1035 14.5477
1036 14.4826
1037 14.5314
1038 14.3242
1039 14.4542
1040 14.4862
1041 14.3695
1042 14.5281
1043 14.5468
1044 14.4045
1045 14.4899
1046 14.573
1047 14.4297
1048 14.5908
1049 14.5866
1050 14.4493
1051 14.5357
1052 14.5328
1053 14.4222
1054 14.6133
1055 14.5007
1056 14.4203
1057 14.5756
1058 14.593
1059 14.5559
1060 14.5683
1061 14.5474
1062 14.6386
1063 14.5736
1064 14.4891
1065 14.4059
1066 14.4771
1067 14.6444
1068 14.5274
1069 14.3828
1070 14.4919
1071 14.4956
1072 14.4917
1073 14.5696
1074 14.4301
1075 14.5096
1076 14.3757
1077 14.5313
1078 14.4249
1079 14.4006
1080 14.4793
1081 14.4617
1082 14.4794
1083 14.6193
1084 14.6353
1085 14.5239
1086 14.3055
1087 14.6703
1088 14.4115
1089 14.3892
1090 14.5298
1091 14.6296
1092 14.5989
1093 14.7126
1094 14.3571
1095 14.5129
1096 14.5616
1097 14.5524
1098 14.6255
1099 14.42
1100 14.6048
1101 14.5851
1102 14.5147
1103 14.5709
1104 14.4468
1105 14.6892
1106 14.5064
1107 14.6407
1108 14.7182
1109 14.3193
1110 14.5304
1111 14.6436
1112 14.4757
1113 14.5316
1114 14.496
1115 14.5589
1116 14.4972
1117 14.4646
1118 14.5803
1119 14.4205
1120 14.5165
1121 14.4962
1122 14.5558
1123 14.4121
1124 14.5005
1125 14.5201
1126 14.5173
1127 14.6058
1128 14.6191
1129 14.5688
1130 14.5987
1131 14.566
1132 14.3947
1133 14.5813
1134 14.482
1135 14.626
1136 14.4232
1137 14.5606
1138 14.3345
1139 14.5102
1140 14.4495
1141 14.4267
1142 14.5256
1143 14.5523
1144 14.495
1145 14.5323
1146 14.5465
1147 14.5597
1148 14.5369
1149 14.5168
1150 14.5722
1151 14.5387
1152 14.5394
1153 14.6385
1154 14.466
1155 14.6393
1156 14.5726
1157 14.3846
1158 14.6143
1159 14.4976
1160 14.4989
1161 14.3888
1162 14.4782
1163 14.4587
1164 14.4766
1165 14.5313
1166 14.6117
1167 14.523
1168 14.7029
1169 14.5578
1170 14.5237
1171 14.5103
1172 14.6599
1173 14.4322
1174 14.5413
1175 14.491
1176 14.5743
1177 14.613
1178 14.5745
1179 14.5887
1180 14.6585
1181 14.3965
1182 14.4116
1183 14.4775
1184 14.5052
1185 14.5782
1186 14.5651
1187 14.465
1188 14.6949
1189 14.4442
1190 14.4697
1191 14.5775
1192 14.5292
1193 14.4394
1194 14.473
1195 14.4124
1196 14.3806
1197 14.373
1198 14.5096
1199 14.4512
1200 14.6268
1201 14.3603
1202 14.4851
1203 14.4823
1204 14.4178
1205 14.5575
1206 14.5074
1207 14.5414
1208 14.5931
1209 14.5477
1210 14.5148
1211 14.5584
1212 14.5209
1213 14.6521
1214 14.4672
1215 14.4345
1216 14.4294
1217 14.6028
1218 14.611
1219 14.6471
1220 14.5626
1221 14.5396
1222 14.467
1223 14.5309
1224 14.4459
1225 14.613
1226 14.3737
1227 14.577
1228 14.5945
1229 14.447
1230 14.65
1231 14.5439
1232 14.4941
1233 14.3899
1234 14.4994
1235 14.6907
1236 14.5476
1237 14.485
1238 14.5585
1239 14.6416
1240 14.5276
1241 14.4655
1242 14.2481
1243 14.5116
1244 14.5627
1245 14.4999
1246 14.5308
1247 14.523
1248 14.7742
1249 14.4081
1250 14.6374
1251 14.4583
1252 14.4403
1253 14.5684
1254 14.4164
1255 14.4704
1256 14.3844
1257 14.5345
1258 14.4478
1259 14.6451
1260 14.4913
1261 14.5752
1262 14.43
1263 14.4117
1264 14.5237
1265 14.5104
1266 14.4473
1267 14.5936
1268 14.4953
1269 14.5365
1270 14.3922
1271 14.5049
1272 14.4381
1273 14.5655
1274 14.5271
1275 14.6069
1276 14.6229
1277 14.5027
1278 14.3841
1279 14.5587
1280 14.546
1281 14.4886
1282 14.3706
1283 14.5501
1284 14.6141
1285 14.5276
1286 14.5374
1287 14.4602
1288 14.6156
1289 14.5041
1290 14.4576
1291 14.4638
1292 14.6296
1293 14.4754
1294 14.6292
1295 14.4896
1296 14.4525
1297 14.5467
1298 14.6444
1299 14.4949
1300 14.4362
1301 14.4748
1302 14.573
1303 14.4409
1304 14.4288
1305 14.5275
1306 14.5109
1307 14.6031
1308 14.6388
1309 14.3221
1310 14.5469
1311 14.435
1312 14.5911
1313 14.5298
1314 14.5065
1315 14.508
1316 14.4622
1317 14.5095
1318 14.5443
1319 14.4866
1320 14.5804
1321 14.4589
1322 14.3247
1323 14.5342
1324 14.639
1325 14.5812
1326 14.6086
1327 14.6998
1328 14.5807
1329 14.5104
1330 14.5925
1331 14.4445
1332 14.4029
1333 14.564
1334 14.4687
1335 14.5182
1336 14.6545
1337 14.5524
1338 14.5195
1339 14.449
1340 14.4919
1341 14.5565
1342 14.3783
1343 14.5583
1344 14.405
1345 14.5303
1346 14.5125
1347 14.3667
1348 14.4707
1349 14.4979
1350 14.3464
1351 14.4406
1352 14.5957
1353 14.5393
1354 14.631
1355 14.5243
1356 14.674
1357 14.5412
1358 14.5712
1359 14.6857
1360 14.451
1361 14.4711
1362 14.6336
1363 14.6366
1364 14.646
1365 14.4662
1366 14.5689
1367 14.5746
1368 14.5131
1369 14.6964
1370 14.48
1371 14.6415
1372 14.8029
1373 14.557
1374 14.7378
1375 14.6579
1376 14.5016
1377 14.4683
1378 14.4994
1379 14.5164
1380 14.6338
1381 14.5097
1382 14.3572
1383 14.3107
1384 14.5722
1385 14.5353
1386 14.618
1387 14.5309
1388 14.5585
1389 14.5968
1390 14.3856
1391 14.5645
1392 14.4617
1393 14.5843
1394 14.4159
1395 14.5728
1396 14.5834
1397 14.5221
1398 14.4719
1399 14.4321
1400 14.5505
1401 14.6133
1402 14.6812
1403 14.4492
1404 14.6281
1405 14.4873
1406 14.5384
1407 14.3689
1408 14.3762
1409 14.5019
1410 14.5244
1411 14.6053
1412 14.6563
1413 14.4246
1414 14.6549
1415 14.6656
1416 14.4644
1417 14.5105
1418 14.4959
1419 14.6573
1420 14.4428
1421 14.4637
1422 14.4662
1423 14.4862
1424 14.4929
1425 14.5323
1426 14.5862
1427 14.4269
1428 14.5184
1429 14.5377
1430 14.4886
1431 14.5146
1432 14.5911
1433 14.7478
1434 14.399
1435 14.4069
1436 14.6589
1437 14.4871
1438 14.6326
1439 14.7045
1440 14.4961
1441 14.7251
1442 14.5216
1443 14.4445
1444 14.5751
1445 14.5464
1446 14.6534
1447 14.554
1448 14.5206
1449 14.6159
1450 14.4138
1451 14.5334
1452 14.4952
1453 14.5254
1454 14.4716
1455 14.5994
1456 14.5641
1457 14.6635
1458 14.5859
1459 14.5207
1460 14.6313
1461 14.5855
1462 14.6617
1463 14.4568
1464 14.6289
1465 14.3833
1466 14.5913
1467 14.4292
1468 14.5083
1469 14.4661
1470 14.494
1471 14.5319
1472 14.4703
1473 14.4204
1474 14.6632
1475 14.5516
1476 14.4653
1477 14.4722
1478 14.3059
1479 14.3168
1480 14.5969
1481 14.477
1482 14.5926
1483 14.573
1484 14.3749
1485 14.3819
1486 14.476
1487 14.466
1488 14.5661
1489 14.5143
1490 14.6611
1491 14.5766
1492 14.5734
1493 14.6627
1494 14.5731
1495 14.4804
1496 14.4738
1497 14.6325
1498 14.5406
1499 14.3846
1500 14.6035
1501 14.5004
1502 14.5448
1503 14.663
1504 14.6051
1505 14.6506
1506 14.6421
1507 14.4811
1508 14.4947
1509 14.4789
1510 14.7066
1511 14.4958
1512 14.557
1513 14.5297
1514 14.4363
1515 14.451
1516 14.5777
1517 14.4673
1518 14.4562
1519 14.2899
1520 14.4549
1521 14.3975
1522 14.7256
1523 14.5675
1524 14.3875
1525 14.3896
1526 14.3831
1527 14.5291
1528 14.5573
1529 14.6504
1530 14.3207
1531 14.4754
1532 14.4474
1533 14.436
1534 14.3664
1535 14.516
1536 14.469
1537 14.4771
1538 14.4358
1539 14.653
1540 14.4554
1541 14.4393
1542 14.4899
1543 14.3383
1544 14.4706
1545 14.5261
1546 14.5249
1547 14.6058
1548 14.5292
1549 14.5302
1550 14.3287
1551 14.506
1552 14.416
1553 14.4712
1554 14.5516
1555 14.4574
1556 14.6927
1557 14.5828
1558 14.6014
1559 14.5183
1560 14.5585
1561 14.5599
1562 14.5705
1563 14.4174
1564 14.6572
1565 14.4176
1566 14.6649
1567 14.4646
1568 14.5799
1569 14.6709
1570 14.4752
1571 14.6013
1572 14.4761
1573 14.4696
1574 14.6219
1575 14.4183
1576 14.4914
1577 14.673
1578 14.6074
1579 14.5101
1580 14.6869
1581 14.5491
1582 14.5444
1583 14.5999
1584 14.5261
1585 14.4642
1586 14.6086
1587 14.5254
1588 14.4777
1589 14.4511
1590 14.4552
1591 14.5561
1592 14.4962
1593 14.5515
1594 14.4915
1595 14.5762
1596 14.5665
1597 14.593
1598 14.6403
1599 14.5569
1600 14.501
1601 14.6365
1602 14.6136
1603 14.4857
1604 14.6178
1605 14.5047
1606 14.5944
1607 14.6536
1608 14.6614
1609 14.5037
1610 14.4864
1611 14.4787
1612 14.4829
1613 14.5275
1614 14.5358
1615 14.5871
1616 14.5426
1617 14.5804
1618 14.4167
1619 14.4864
1620 14.514
1621 14.5985
1622 14.5798
1623 14.3558
1624 14.5088
1625 14.4344
1626 14.6208
1627 14.4337
1628 14.5271
1629 14.6546
1630 14.4755
1631 14.5165
1632 14.6104
1633 14.5705
1634 14.6288
1635 14.5616
1636 14.4459
1637 14.4884
1638 14.6319
1639 14.5779
1640 14.4534
1641 14.5998
1642 14.6885
1643 14.7246
1644 14.6125
1645 14.5274
1646 14.7925
1647 14.6037
1648 14.6546
1649 14.626
1650 14.4284
1651 14.5625
1652 14.4787
1653 14.5884
1654 14.5196
1655 14.4891
1656 14.5615
1657 14.4803
1658 14.439
1659 14.441
1660 14.7444
1661 14.4508
1662 14.543
1663 14.6689
1664 14.5367
1665 14.5095
1666 14.5444
1667 14.4351
1668 14.4894
1669 14.4483
1670 14.5297
1671 14.4675
1672 14.4804
1673 14.6003
1674 14.5558
1675 14.5702
1676 14.6417
1677 14.593
1678 14.3224
1679 14.6857
1680 14.4065
1681 14.4344
1682 14.5777
1683 14.4642
1684 14.523
1685 14.6232
1686 14.64
1687 14.6512
1688 14.6964
1689 14.6033
1690 14.6058
1691 14.6843
1692 14.5567
1693 14.5004
1694 14.5165
1695 14.5309
1696 14.5101
1697 14.6575
1698 14.4556
1699 14.6449
1700 14.6571
1701 14.4306
1702 14.5272
1703 14.5686
1704 14.5696
1705 14.4824
1706 14.7815
1707 14.6428
1708 14.4883
1709 14.4202
1710 14.5209
1711 14.6482
1712 14.4482
1713 14.4874
1714 14.5464
1715 14.6025
1716 14.5761
1717 14.5854
1718 14.6139
1719 14.5544
1720 14.63
1721 14.5241
1722 14.5628
1723 14.6669
1724 14.6416
1725 14.567
1726 14.518
1727 14.3877
1728 14.6011
1729 14.4564
1730 14.4825
1731 14.5405
1732 14.7204
1733 14.6885
1734 14.495
1735 14.8121
1736 14.3839
1737 14.5128
1738 14.4053
1739 14.5828
1740 14.5826
1741 14.4049
1742 14.5001
1743 14.6562
1744 14.5674
1745 14.7828
1746 14.523
1747 14.3943
1748 14.6899
1749 14.5349
1750 14.7546
1751 14.6472
1752 14.5073
1753 14.5291
1754 14.4549
1755 14.5206
1756 14.7436
1757 14.6039
1758 14.4325
1759 14.6211
1760 14.5388
1761 14.5299
1762 14.6029
1763 14.5268
1764 14.5223
1765 14.5531
1766 14.505
1767 14.4328
1768 14.4373
1769 14.77
1770 14.6374
1771 14.5608
1772 14.4716
1773 14.5765
1774 14.3981
1775 14.3575
1776 14.4968
1777 14.4885
1778 14.6072
1779 14.5705
1780 14.6076
1781 14.6036
1782 14.3421
1783 14.4945
1784 14.4098
1785 14.5688
1786 14.5072
1787 14.3596
1788 14.5253
1789 14.362
1790 14.4513
1791 14.3274
1792 14.4944
1793 14.4619
1794 14.7875
1795 14.4993
1796 14.6214
1797 14.4581
1798 14.6047
1799 14.4327
1800 14.6208
1801 14.6015
1802 14.5954
1803 14.645
1804 14.5869
1805 14.5564
1806 14.5076
1807 14.4859
1808 14.4233
1809 14.5689
1810 14.4782
1811 14.4476
1812 14.5498
1813 14.5954
1814 14.4531
1815 14.5592
1816 14.4483
1817 14.4736
1818 14.45
1819 14.545
1820 14.6856
1821 14.56
1822 14.4991
1823 14.4732
1824 14.4334
1825 14.6566
1826 14.7301
1827 14.6177
1828 14.4964
1829 14.6788
1830 14.5559
1831 14.3601
1832 14.5374
1833 14.6085
1834 14.4554
1835 14.4761
1836 14.7615
1837 14.5152
1838 14.7583
1839 14.5048
1840 14.6767
1841 14.5814
1842 14.5062
1843 14.6501
1844 14.3967
1845 14.552
1846 14.5229
1847 14.4706
1848 14.5746
1849 14.3822
1850 14.5085
1851 14.6072
1852 14.4712
1853 14.5943
1854 14.476
1855 14.5855
1856 14.5818
1857 14.4068
1858 14.3063
1859 14.616
1860 14.5534
1861 14.407
1862 14.5386
1863 14.5294
1864 14.5022
1865 14.6088
1866 14.6439
1867 14.4249
1868 14.5728
1869 14.6093
1870 14.4799
1871 14.4984
1872 14.5399
1873 14.5809
1874 14.496
1875 14.7773
1876 14.403
1877 14.601
1878 14.6788
1879 14.4302
1880 14.5824
1881 14.7009
1882 14.5492
1883 14.3093
1884 14.5873
1885 14.6396
1886 14.5042
1887 14.5358
1888 14.5765
1889 14.5187
1890 14.6612
1891 14.4648
1892 14.4772
1893 14.5388
1894 14.5658
1895 14.536
1896 14.5429
1897 14.6315
1898 14.5668
1899 14.6371
1900 14.6457
1901 14.6611
1902 14.7109
1903 14.5012
1904 14.3981
1905 14.5006
1906 14.5755
1907 14.5854
1908 14.6093
1909 14.6683
1910 14.4305
1911 14.3729
1912 14.3613
1913 14.4552
1914 14.6788
1915 14.5829
1916 14.5668
1917 14.5346
1918 14.5924
1919 14.5737
1920 14.5906
1921 14.5022
1922 14.3592
1923 14.6747
1924 14.5291
1925 14.5522
1926 14.5779
1927 14.5597
1928 14.4785
1929 14.4389
1930 14.6502
1931 14.6289
1932 14.4175
1933 14.5128
1934 14.469
1935 14.3878
1936 14.5444
1937 14.5718
1938 14.4069
1939 14.6509
1940 14.5168
1941 14.5328
1942 14.8138
1943 14.6376
1944 14.7081
1945 14.5136
1946 14.6262
1947 14.4404
1948 14.626
1949 14.48
1950 14.6196
1951 14.5265
1952 14.4577
1953 14.5204
1954 14.3831
1955 14.6034
1956 14.6278
1957 14.458
1958 14.4926
1959 14.6346
1960 14.5827
1961 14.5867
1962 14.617
1963 14.4866
1964 14.4462
1965 14.6129
1966 14.5248
1967 14.4029
1968 14.5228
1969 14.4718
1970 14.3566
1971 14.562
1972 14.4765
1973 14.665
1974 14.607
1975 14.3488
1976 14.5762
1977 14.7408
1978 14.6227
1979 14.5194
1980 14.6722
1981 14.4332
1982 14.5618
1983 14.6814
1984 14.5089
1985 14.5494
1986 14.6806
1987 14.6325
1988 14.4704
1989 14.5031
1990 14.5904
1991 14.68
1992 14.6745
1993 14.4824
1994 14.4909
1995 14.5652
1996 14.4909
1997 14.4931
1998 14.6045
1999 14.717
2000 14.525
2001 14.6343
2002 14.5842
2003 14.5605
2004 14.6097
2005 14.5698
2006 14.5109
2007 14.3917
2008 14.7117
2009 14.4791
2010 14.6329
2011 14.6728
2012 14.5013
2013 14.7432
2014 14.5274
2015 14.6375
2016 14.5849
2017 14.5333
2018 14.6471
2019 14.6509
2020 14.5292
2021 14.6512
2022 14.5239
2023 14.5691
2024 14.4793
2025 14.5042
2026 14.4636
2027 14.5828
2028 14.5191
2029 14.4972
2030 14.6558
2031 14.6006
2032 14.5305
2033 14.5571
2034 14.5775
2035 14.4014
2036 14.4719
2037 14.5935
2038 14.585
2039 14.5485
2040 14.4745
2041 14.4913
2042 14.4435
2043 14.4782
2044 14.5705
2045 14.4543
2046 14.5534
2047 14.4704
2048 14.5246
2049 14.4637
2050 14.6261
2051 14.4835
2052 14.4729
2053 14.5655
2054 14.3379
2055 14.5443
2056 14.7148
2057 14.4489
2058 14.5072
2059 14.5686
2060 14.5811
2061 14.5766
2062 14.5318
2063 14.4222
2064 14.4559
2065 14.6377
2066 14.651
2067 14.5332
2068 14.5818
2069 14.5842
2070 14.4655
2071 14.4499
2072 14.2883
2073 14.6617
2074 14.5168
2075 14.5482
2076 14.386
2077 14.4615
2078 14.6735
2079 14.5631
2080 14.6119
2081 14.3452
2082 14.5589
2083 14.5496
2084 14.4694
2085 14.3031
2086 14.582
2087 14.4478
2088 14.5967
2089 14.7544
2090 14.549
2091 14.4832
2092 14.4193
2093 14.4271
2094 14.505
2095 14.4557
2096 14.6524
2097 14.5275
2098 14.5991
2099 14.622
2100 14.4908
2101 14.4476
2102 14.6615
2103 14.4351
2104 14.5721
2105 14.5155
2106 14.3379
2107 14.5643
2108 14.5264
2109 14.5044
2110 14.4852
2111 14.5407
2112 14.4958
2113 14.4879
2114 14.5588
2115 14.6264
2116 14.5863
2117 14.4881
2118 14.4464
2119 14.6322
2120 14.5559
2121 14.6195
2122 14.6893
2123 14.2754
2124 14.6358
2125 14.4207
2126 14.5747
2127 14.6841
2128 14.6215
2129 14.5255
2130 14.4803
2131 14.6783
2132 14.4906
2133 14.5653
2134 14.5572
2135 14.4907
2136 14.522
2137 14.6111
2138 14.5038
2139 14.549
2140 14.4907
2141 14.5707
2142 14.459
2143 14.469
2144 14.4912
2145 14.3326
2146 14.507
2147 14.6539
2148 14.5935
2149 14.3245
2150 14.6148
2151 14.5424
2152 14.5865
2153 14.5607
2154 14.501
2155 14.623
2156 14.4422
2157 14.3391
2158 14.5021
2159 14.6055
2160 14.3787
2161 14.5618
2162 14.4303
2163 14.6302
2164 14.5692
2165 14.4966
2166 14.5093
2167 14.6308
2168 14.3222
2169 14.6072
2170 14.7632
2171 14.549
2172 14.6733
2173 14.6271
2174 14.5271
2175 14.6749
2176 14.6378
2177 14.4861
2178 14.5806
2179 14.5036
2180 14.5128
2181 14.4579
2182 14.7035
2183 14.6437
2184 14.7006
2185 14.5475
2186 14.6002
2187 14.6021
2188 14.5058
2189 14.396
2190 14.5678
2191 14.3463
2192 14.445
2193 14.4583
2194 14.5518
2195 14.589
2196 14.6686
2197 14.5354
2198 14.404
2199 14.4161
2200 14.4105
2201 14.5195
2202 14.4519
2203 14.6593
2204 14.5299
2205 14.498
2206 14.511
2207 14.5292
2208 14.5207
2209 14.6292
2210 14.5972
2211 14.6038
2212 14.7075
2213 14.4852
2214 14.5244
2215 14.5144
2216 14.5109
2217 14.3427
2218 14.5001
2219 14.4681
2220 14.6147
2221 14.5773
2222 14.5524
2223 14.6752
2224 14.6198
2225 14.5439
2226 14.68
2227 14.5043
2228 14.4528
2229 14.3517
2230 14.5452
2231 14.5507
2232 14.5769
2233 14.5751
2234 14.5057
2235 14.5209
2236 14.6569
2237 14.446
2238 14.6025
2239 14.4785
2240 29.9972
2241 30.193
2242 30.1032
2243 30.2552
2244 30.4424
2245 30.1405
2246 30.2334
2247 30.1837
2248 30.1038
2249 30.2149
2250 29.9862
2251 29.9059
2252 30.1774
2253 30.109
2254 29.9885
2255 30.2306
2256 30.3453
2257 30.3026
2258 30.252
2259 30.2192
2260 30.4094
2261 30.2857
2262 30.2509
2263 30.6018
2264 29.9445
2265 30.2106
2266 30.0564
2267 30.2336
2268 30.0482
2269 30.0905
2270 30.1266
2271 30.0611
2272 30.198
2273 30.2525
2274 30.0793
2275 30.234
2276 29.9949
2277 30.1271
2278 30.0676
2279 29.9625
2280 30.5591
2281 30.2604
2282 30.1651
2283 30.2674
2284 30.1211
2285 30.206
2286 30.143
2287 30.0431
2288 30.1251
2289 30.1989
2290 30.3847
2291 30.3472
2292 30.3381
2293 30.3267
2294 30.1684
2295 29.9189
2296 30.1449
2297 29.9987
2298 30.3804
2299 30.3242
2300 30.0832
2301 30.3939
2302 30.2739
2303 30.2711
2304 30.6333
2305 30.3451
2306 30.0577
2307 30.393
2308 30.1958
2309 30.0414
2310 30.1184
2311 30.3377
2312 30.1243
2313 30.3009
2314 30.1253
2315 30.2553
2316 30.325
2317 30.385
2318 30.4247
2319 30.4395
2320 30.3829
2321 30.2094
2322 30.0286
2323 30.7451
2324 30.3178
2325 30.3934
2326 30.0009
2327 30.2186
2328 30.4916
2329 30.1122
2330 30.0784
2331 30.333
2332 30.1606
2333 29.9375
2334 29.966
2335 30.2398
2336 30.0913
2337 30.1454
2338 30.0713
2339 30.1131
2340 30.2016
2341 30.3459
2342 30.2303
2343 30.525
2344 30.05
2345 30.2222
2346 30.3764
2347 30.355
2348 30.4349
2349 30.4205
2350 30.2458
2351 30.1847
2352 30.1099
2353 30.2756
2354 30.1725
2355 30.2984
2356 30.364
2357 30.1542
2358 30.2458
2359 30.0808
2360 30.3329
2361 30.2264
2362 30.4964
2363 30.2065
2364 30.019
2365 29.9749
2366 30.0659
2367 30.2784
2368 30.2805
2369 30.0162
2370 30.2643
2371 30.0783
2372 30.1054
2373 30.1526
2374 30.1455
2375 30.1204
2376 30.3608
2377 30.0879
2378 30.1477
2379 29.9141
2380 30.1629
2381 30.1241
2382 30.4435
2383 30.0266
2384 30.2656
2385 30.2261
2386 30.0284
2387 30.0492
2388 30.0802
2389 30.2199
2390 30.1148
2391 30.4982
2392 30.0883
2393 30.2985
2394 29.9966
2395 30.2635
2396 29.6746
2397 29.9347
2398 30.0921
2399 30.285
2400 30.2078
2401 29.9795
2402 30.1845
2403 30.1524
2404 30.1043
2405 30.3027
2406 30.1846
2407 30.1259
2408 29.8758
2409 30.0993
2410 30.6106
2411 30.3536
2412 30.0911
2413 30.3821
2414 29.9963
2415 30.0072
2416 30.161
2417 30.3216
2418 30.3204
2419 30.2993
2420 30.0374
2421 30.4831
2422 30.3066
2423 30.2567
2424 30.2527
2425 30.1789
2426 30.0548
2427 30.2894
2428 30.0066
2429 30.0872
2430 30.1969
2431 30.2402
2432 30.1434
2433 29.9991
2434 29.9569
2435 30.138
2436 30.3774
2437 30.1566
2438 30.0841
2439 30.1789
2440 30.3874
2441 30.1346
2442 29.9182
2443 30.0488
2444 30.1566
2445 30.0765
2446 30.2623
2447 30.0901
2448 30.4352
2449 30.1854
2450 30.1809
2451 30.3538
2452 30.2762
2453 30.0075
2454 29.8357
2455 30.2725
2456 30.196
2457 30.1892
2458 30.3501
2459 30.2476
2460 30.2681
2461 30.27
2462 30.1016
2463 30.1126
2464 30.2636
2465 29.9537
2466 30.1946
2467 30.2931
2468 30.303
2469 30.2706
2470 30.1955
2471 30.2582
2472 30.4422
2473 30.3735
2474 30.5381
2475 30.0356
2476 30.2896
2477 30.1089
2478 30.0407
2479 30.111
2480 30.1809
2481 30.3762
2482 30.2226
2483 30.1149
2484 30.3016
2485 30.2439
2486 30.2489
2487 30.2203
2488 30.1635
2489 29.9482
2490 29.9393
2491 30.1022
2492 30.2046
2493 30.1121
2494 30.0831
2495 30.41
2496 30.0799
2497 30.1455
2498 30.2031
2499 30.1192
2500 30.099
2501 29.9031
2502 30.0485
2503 30.1248
2504 29.9953
2505 30.2928
2506 30.2284
2507 30.3454
2508 30.264
2509 30.0966
2510 30.3491
2511 30.2562
2512 30.2704
2513 30.0642
2514 29.8905
2515 30.3405
2516 30.1809
2517 30.3712
2518 30.3793
2519 30.1818
2520 30.2253
2521 30.3745
2522 30.3345
2523 30.2877
2524 30.1214
2525 30.0605
2526 29.7776
2527 30.3138
2528 30.0357
2529 30.0375
2530 30.396
2531 30.2341
2532 30.4396
2533 30.1373
2534 30.2897
2535 30.5688
2536 30.0267
2537 30.0877
2538 29.6817
2539 30.0825
2540 30.2242
2541 30.1141
2542 30.2842
2543 30.3792
2544 30.4045
2545 30.3741
2546 30.026
2547 30.387
2548 30.2054
2549 29.6168
2550 30.0984
2551 30.3384
2552 30.3318
2553 30.2276
2554 30.062
2555 30.2594
2556 30.2483
2557 30.2592
2558 30.0749
2559 30.1364
2560 29.8505
2561 30.1679
2562 30.112
2563 30.1973
2564 30.5589
2565 30.2138
2566 30.1037
2567 30.1369
2568 30.0507
2569 29.7351
2570 29.8542
2571 30.1885
2572 30.3219
2573 30.2977
2574 30.5579
2575 30.316
2576 30.0112
2577 30.3202
2578 29.8121
2579 30.1146
2580 30.0644
2581 30.2537
2582 30.1583
2583 30.2497
2584 30.1596
2585 29.8397
2586 29.9177
2587 30.1148
2588 30.1791
2589 30.2312
2590 30.137
2591 29.987
2592 29.6961
2593 30.1524
2594 30.1132
2595 30.0253
2596 29.8203
2597 30.0576
2598 30.0251
2599 30.3309
2600 30.4295
2601 30.4403
2602 30.3303
2603 30.3612
2604 30.4371
2605 30.4562
2606 30.0375
2607 30.1967
2608 30.2899
2609 30.1005
2610 30.4538
2611 30.5185
2612 30.5848
2613 30.2383
2614 30.0806
2615 30.3597
2616 30.3883
2617 30.1433
2618 30.3013
2619 30.2293
2620 30.0339
2621 29.9168
2622 29.75
2623 30.3511
2624 30.3154
2625 30.3474
2626 30.4617
2627 30.3887
2628 30.233
2629 30.2973
2630 30.4348
2631 30.1346
2632 30.2615
2633 30.0697
2634 30.2362
2635 30.2678
2636 30.4362
2637 30.18
2638 30.5645
2639 30.2567
2640 30.326
2641 30.2211
2642 30.1257
2643 30.3039
2644 30.0338
2645 29.785
2646 29.936
2647 30.3104
2648 30.2344
2649 30.1569
2650 30.2505
2651 30.5083
2652 30.1931
2653 30.3428
2654 30.2757
2655 30.3918
2656 30.1155
2657 30.4447
2658 30.3852
2659 29.9818
2660 30.1912
2661 30.3233
2662 30.3102
2663 30.1049
2664 30.2196
2665 30.1122
2666 30.3575
2667 29.8167
2668 29.8028
2669 30.0087
2670 29.9469
2671 30.0444
2672 30.4712
2673 30.2514
2674 30.2349
2675 30.0473
2676 30.2337
2677 30.1571
2678 30.2781
2679 30.0904
2680 30.3442
2681 30.2394
2682 30.1851
2683 30.2979
2684 30.3889
2685 30.0622
2686 29.9673
2687 29.9286
2688 30.0389
2689 29.9914
2690 30.1306
2691 30.0978
2692 30.1768
2693 30.3758
2694 30.2934
2695 29.9212
2696 30.406
2697 30.2282
2698 30.0148
2699 30.2647
2700 30.16
2701 30.0472
2702 29.9711
2703 30.0759
2704 29.9371
2705 29.6679
2706 29.7933
2707 29.8587
2708 29.9926
2709 30.0957
2710 29.834
2711 30.1496
2712 29.9287
2713 29.8271
2714 30.013
2715 30.0336
