190	1156.76
191	1160.49
192	1275.65
193	1298.57
1120	1191.94
1121	1040.89
1122	1140.44
1123	961.654
1124	1038.67
1125	1079.19
1126	1290.1
1127	1394.88
1128	1241.78
1129	1331.11
1130	1470.76
1131	1332.19
1132	1254.8
1133	1430.46
1134	1399.22
1135	1314.11
1136	1395.66
1137	1399.35
1138	1323.06
1139	1336.95
1140	1337.73
1141	1249.24
1142	1372.62
1143	1307.64
1144	978.327
1145	1364.84
1146	1471.55
1147	1234.36
1148	1323.82
1149	1331
1150	1373.17
1151	1179.43
1152	1346.27
1153	1318.97
1154	1189.98
1155	1087.98
1156	1187.08
1157	1312.95
1158	1072.43
1159	1332.38
1160	1011.08
1161	993.764
1162	1191.8
1163	1143.48
1164	1227.24
1165	1327.41
1166	1254.66
1167	1445.55
1168	1372.66
1169	1304.79
1170	1300.6
1171	1241.48
1172	1403.21
1173	1384.67
1174	1335.02
1175	1373.77
1176	1303.76
1177	1358.76
1178	1339.77
1179	1297.4
1180	1372.98
1181	1259.04
1182	1362.98
1183	1374.29
1184	1239.51
1185	1285.72
1186	1304.99
1187	1307.01
1188	1357.62
1189	1318.71
1190	1601.45
1191	1114.56
1192	1261.87
1193	1283.96
1194	1422.16
1195	1365.24
1196	1277.15
1197	1101.45
1198	1088.58
1199	1201.24
1200	1255.58
1201	1175.62
1202	1296.91
1203	1080.96
1204	1289.55
1205	1248.2
1206	1266.23
1207	1408.9
1208	1233.17
1209	1249.6
1210	1387.6
1211	1375.95
1212	1391.89
1213	1477.96
1214	1143.03
1215	1429.98
1216	1288.73
1217	1302.84
1218	1426.74
1219	1372.95
1220	1367.4
1221	1365.6
1222	1285.27
1223	1421.02
1224	1506
1225	1273.83
1226	1315.46
1227	1282.01
1228	1184.43
1229	1333.85
1230	1245.76
1231	1250.89
1232	1377.6
1233	1333.36
1234	1207.37
1235	1089.13
1236	1270.05
1237	1343.51
1238	1155.87
1239	1149.63
1240	1394.03
1241	1120.13
1242	3891.15
1243	1003.83
1244	1332.74
1245	1310.88
1246	1332.43
1247	1261.84
1248	1153.74
1249	1327.94
1250	1365.23
1251	1139.92
1252	1433.67
1253	1134.96
1254	1378.36
1255	1407.97
1256	1295.16
1257	1381.15
1258	1234.97
1259	1381.29
1260	1344.4
1261	1346.94
1262	1215.48
1263	1378.51
1264	1321.61
1265	1483.37
1266	1320.7
1267	1330.01
1268	1061.97
1269	1372.98
1270	1297.15
1271	1166.77
1272	1388.03
1273	1447.22
1274	1100.16
1275	1237.1
1276	1309.46
1277	1368.28
1278	1127.17
1279	1057.99
1520	1177.47
1521	1161.89
1522	1296.6
1523	1275.28
1524	1775.89
1525	1334.1
1526	1295.84
1527	1341.04
1528	1201.91
1529	1258.14
1530	1419.02
1531	1318.58
1532	1274
1533	1350.23
1534	1319.97
1535	1308.89
1536	1433.76
1537	1371.58
1538	1322.6
1539	1451.3
1540	1253.64
1541	1383.46
1542	1317.59
1543	1319.64
1544	1299.16
1545	1221.86
1546	1316.34
1547	1359.34
1548	1363.48
1549	1423.33
1550	1359.53
1551	1210.28
1552	1398.03
1553	1337.13
1554	3579.09
1555	1292.8
1556	1325.35
1557	1205.07
1558	1247.6
1559	1307.06
1560	1328.15
1561	1411.1
1562	1341.05
1563	1385.07
1564	1079.43
1565	1147.77
1566	980.082
1567	1047.47
1568	3063.18
1569	1089.21
1570	1396.74
1571	1210.47
1572	1228.68
1573	1308.8
1574	1265.76
1575	1319.69
1576	1239
1577	1352.77
1578	1287
1579	1312.39
1580	1305.78
1581	1339.37
1582	1280.54
1583	1336.2
1584	1332.32
1585	1401.38
1586	1474.95
1587	1182.76
1588	1321.12
1589	2664.56
1590	1424.71
1591	1385.45
1592	1284.26
1593	1236.92
1594	1310.32
1595	1305.17
1596	1419.29
1597	1244.08
1598	1325.23
1599	1288.79
1600	1383.31
1601	1383.96
1602	1496.91
1603	1371.73
1604	1304.01
1605	1299.2
1606	1313.58
1607	1394.83
1608	1264.39
1609	1503.46
1610	1233.5
1611	1347.36
1612	1072.15
1613	1155.69
1614	1132.04
1615	1265.51
1616	1094.21
1617	1052.07
1618	1098.41
1619	1308.72
1620	1160.01
1621	1250.89
1622	1299.91
1623	1254.97
1624	1342.45
1625	1431.01
1626	1177.46
1627	1278.01
1628	1278.43
1629	1370.32
1630	1296.77
1631	1386.72
1632	1202.88
1633	1328.12
1634	1328.46
1635	1363.55
1636	1261.41
1637	1297.26
1638	1399.04
1639	1436.15
1640	1450.4
1641	1300.86
1642	1417.68
1643	1453.12
1644	1328.1
1645	1190.77
1646	1302.87
1647	1328.48
1648	1367.04
1649	1261.55
1650	1269.15
1651	1369.93
1652	1346.81
1653	1387.37
1654	1360.48
1655	1130.75
1656	1261.58
1657	1287.75
1658	1349.51
1659	1282.99
1660	1039.62
1661	1086.62
1662	1060.7
1663	1172.15
1664	1262.06
1665	1124.64
1666	1111.92
1667	1265.81
1668	1069.04
1669	1239.26
1670	1285.34
1671	1371.7
1672	1307.33
1673	1218.01
1674	1380.18
1675	1404.27
1676	1288.01
1677	1278.66
1678	1114.79
1679	1411.37
1680	1399.2
1681	1355.59
1682	1375.95
1683	1349.94
1684	1199.06
1685	1297.08
1686	1316.49
1687	1194.55
1688	1263.35
1689	1396.65
1690	1296.83
1691	1323.14
1692	1429.23
1693	1378.69
1694	1372.46
1695	1368.75
1696	1265.44
1697	1341.43
1698	1332.31
1699	1391.05
1700	1410.83
1701	1225.75
1702	1159.84
1703	1340.73
1704	1250.18
1705	5154.17
1706	1130.68
1707	1377.77
1708	1357.88
1709	1065.9
1710	1073.23
1711	1076.92
1712	1206.77
1713	1259.78
1714	1227.69
1715	1197.26
1716	1309.49
1717	1237.57
1718	1267.98
1719	1344.57
1720	1302.61
1721	1333.97
1722	1237.88
1723	1332.92
1724	1280.31
1725	1247.37
1726	1293.15
1727	1320.77
1728	1297.73
1729	1295.47
1730	1176.09
1731	1383.36
1732	1255.33
1733	1400.84
1734	1288.69
1735	1281.53
1736	1341.3
1737	1220.79
1738	1298.33
1739	1392.57
1740	1182.76
1741	1101.09
1742	1236.99
1743	1327.94
1744	1367.87
1745	1398.46
1746	1361.8
1747	1390.41
1748	1406.81
1749	1310.38
1750	1350.97
1751	1352.89
1752	1340.69
1753	1330.68
1754	1357.1
1755	1145.33
1756	1293.63
1757	1221.11
1758	1123.37
1759	1070.81
1760	1137.17
1761	1036.97
1762	1255.3
1763	1111.71
1764	1117.03
1765	1268.84
1766	1090.79
1767	1117.7
1768	1096.29
1769	1065.08
1770	1182.22
1771	1175.73
1772	1154.02
1773	1085.35
1774	1094.98
1775	1142.24
1776	1125.36
1777	1208.75
1778	1142.17
1779	1443.36
1780	1219.35
1781	1244.63
1782	1244.74
1783	1166.64
1784	1306.49
1785	1352.1
1786	1079.02
1787	1103.49
1788	1050.17
1789	1278.87
1790	1279.07
1791	4640.2
1792	1172.27
1793	1133.85
1794	1085.55
1795	1152.06
1796	1294.26
1797	1109.12
1798	1329.28
1799	1269.75
1800	1109.27
1801	1065.51
1802	1187.64
1803	1348.05
1804	1358.9
1805	1337.16
1806	1078.62
1807	1041.83
1808	1130.6
1809	1446.7
1810	1381.51
1811	1061.4
1812	1335.01
1813	1052.81
1814	1165.89
1815	1039.42
1816	1289.47
1817	1251.87
1818	1104.38
1819	1184.65
1820	1171.18
1821	1145.28
1822	1363.07
1823	1141.91
1824	1220.37
1825	1142.07
1826	1325.81
1827	1120.19
1828	1066.39
1829	1296.29
1830	1006.04
1831	1197.59
1832	1159.03
1833	1182.42
1834	1103.14
1835	1344.84
1836	1209.17
1837	1263.32
1838	1044.08
1839	1097.22
1840	1004.76
1841	1265.94
1842	1257.7
1843	1144.68
1844	1181.03
1845	1164.42
1846	1091.7
1847	1069.07
1848	1125.56
1849	1177.42
1850	1310.16
1851	1257.27
1852	1078.4
1853	1154.46
1854	1335.02
1855	1226.93
2000	3224.55
2001	1304.58
2002	1028.08
2003	975.167
