2253 3 2 12
2254 3 2 12
2255 3 2 12
2256 3 2 13
2257 3 2 13
2258 3 2 13
2259 3 2 13
2260 3 2 14
2261 3 2 14
2262 3 2 14
2263 3 2 14
2264 3 2 15
2265 3 2 15
2266 3 2 15
2241 3 2 8
2242 3 2 8
2243 3 2 8
2244 3 2 9
2245 3 2 9
2246 3 2 9
2247 3 2 9
2248 3 2 11
2249 3 2 11
2250 3 2 11
2689 3 2 0
2690 3 2 0
2691 3 2 0
2692 3 2 1
2693 3 2 1
2694 3 2 1
2695 3 2 1
2696 3 2 3
2697 3 2 3
2698 3 2 3
2699 3 2 3
2700 3 2 4
2701 3 2 4
2702 3 2 4
2705 3 2 5
2706 3 2 5
2707 3 2 5
2708 3 2 6
2709 3 2 6
2710 3 2 6
2711 3 2 6
2712 3 2 7
2713 3 2 7
2714 3 2 7
