2549	-1	-87.675	27.555	50
2417	-1	-87.675	-27.555	50
2569	-1	-82.665	37.575	50
2395	-1	-82.665	-37.575	50
2267	-1	-37.575	-82.665	50
2251	-1	-27.555	-87.675	50
2240	-1	27.555	-87.675	50
2688	-1	37.575	82.665	50
2252	-1	37.575	-82.665	50
2560	-1	82.665	37.575	50
2386	-1	82.665	-37.575	50
2538	-1	87.675	27.555	50
2406	-1	87.675	-27.555	50
2250	0	-22.545	-87.675	50
2249	0	-17.535	-87.675	50
2248	0	-12.525	-87.675	50
2247	0	-7.515	-87.675	50
2246	0	-2.505	-87.675	50
2245	0	2.505	-87.675	50
2244	0	7.515	-87.675	50
2243	0	12.525	-87.675	50
2242	0	17.535	-87.675	50
2241	0	22.545	-87.675	50
2266	1	-32.565	-82.665	50
2265	1	-27.555	-82.665	50
2264	1	-22.545	-82.665	50
2263	1	-17.535	-82.665	50
2262	1	-12.525	-82.665	50
2261	1	-7.515	-82.665	50
2260	1	-2.505	-82.665	50
2259	1	2.505	-82.665	50
2258	1	7.515	-82.665	50
2257	1	12.525	-82.665	50
2256	1	17.535	-82.665	50
2255	1	22.545	-82.665	50
2254	1	27.555	-82.665	50
2253	1	32.565	-82.665	50
2287	2	-47.595	-77.655	50
2286	2	-42.585	-77.655	50
2285	2	-37.575	-77.655	50
2284	2	-32.565	-77.655	50
2283	2	-27.555	-77.655	50
2282	2	-22.545	-77.655	50
2281	2	-17.535	-77.655	50
2280	2	-12.525	-77.655	50
2279	2	-7.515	-77.655	50
2278	2	-2.505	-77.655	50
2277	2	2.505	-77.655	50
2276	2	7.515	-77.655	50
2275	2	12.525	-77.655	50
2274	2	17.535	-77.655	50
2273	2	22.545	-77.655	50
2272	2	27.555	-77.655	50
2271	2	32.565	-77.655	50
2270	2	37.575	-77.655	50
2269	2	42.585	-77.655	50
2268	2	47.595	-77.655	50
2309	3	-52.605	-72.645	50
2308	3	-47.595	-72.645	50
2307	3	-42.585	-72.645	50
2306	3	-37.575	-72.645	50
2305	3	-32.565	-72.645	50
2304	3	-27.555	-72.645	50
2303	3	-22.545	-72.645	50
2302	3	-17.535	-72.645	50
2301	3	-12.525	-72.645	50
2300	3	-7.515	-72.645	50
2299	3	-2.505	-72.645	50
2298	3	2.505	-72.645	50
2297	3	7.515	-72.645	50
2296	3	12.525	-72.645	50
2295	3	17.535	-72.645	50
2294	3	22.545	-72.645	50
2293	3	27.555	-72.645	50
2292	3	32.565	-72.645	50
2291	3	37.575	-72.645	50
2290	3	42.585	-72.645	50
2289	3	47.595	-72.645	50
2288	3	52.605	-72.645	50
2333	4	-57.615	-67.635	50
2332	4	-52.605	-67.635	50
2331	4	-47.595	-67.635	50
2330	4	-42.585	-67.635	50
2329	4	-37.575	-67.635	50
2328	4	-32.565	-67.635	50
2327	4	-27.555	-67.635	50
2326	4	-22.545	-67.635	50
2325	4	-17.535	-67.635	50
2324	4	-12.525	-67.635	50
2323	4	-7.515	-67.635	50
2322	4	-2.505	-67.635	50
2321	4	2.505	-67.635	50
2320	4	7.515	-67.635	50
2319	4	12.525	-67.635	50
2318	4	17.535	-67.635	50
2317	4	22.545	-67.635	50
2316	4	27.555	-67.635	50
2315	4	32.565	-67.635	50
2314	4	37.575	-67.635	50
2313	4	42.585	-67.635	50
2312	4	47.595	-67.635	50
2311	4	52.605	-67.635	50
2310	4	57.615	-67.635	50
2359	5	-62.625	-62.625	50
2358	5	-57.615	-62.625	50
2357	5	-52.605	-62.625	50
2356	5	-47.595	-62.625	50
2355	5	-42.585	-62.625	50
2354	5	-37.575	-62.625	50
2353	5	-32.565	-62.625	50
2352	5	-27.555	-62.625	50
2351	5	-22.545	-62.625	50
2350	5	-17.535	-62.625	50
2349	5	-12.525	-62.625	50
2348	5	-7.515	-62.625	50
2347	5	-2.505	-62.625	50
2346	5	2.505	-62.625	50
2345	5	7.515	-62.625	50
2344	5	12.525	-62.625	50
2343	5	17.535	-62.625	50
2342	5	22.545	-62.625	50
2341	5	27.555	-62.625	50
2340	5	32.565	-62.625	50
2339	5	37.575	-62.625	50
2338	5	42.585	-62.625	50
2337	5	47.595	-62.625	50
2336	5	52.605	-62.625	50
2335	5	57.615	-62.625	50
2334	5	62.625	-62.625	50
2363	6	-67.635	-57.615	50
2362	6	-62.625	-57.615	50
47	6	-58.8675	-58.8675	25
46	6	-56.3625	-58.8675	25
45	6	-53.8575	-58.8675	25
44	6	-51.3525	-58.8675	25
43	6	-48.8475	-58.8675	25
42	6	-46.3425	-58.8675	25
41	6	-43.8375	-58.8675	25
40	6	-41.3325	-58.8675	25
39	6	-38.8275	-58.8675	25
38	6	-36.3225	-58.8675	25
37	6	-33.8175	-58.8675	25
36	6	-31.3125	-58.8675	25
35	6	-28.8075	-58.8675	25
34	6	-26.3025	-58.8675	25
33	6	-23.7975	-58.8675	25
32	6	-21.2925	-58.8675	25
31	6	-18.7875	-58.8675	25
30	6	-16.2825	-58.8675	25
29	6	-13.7775	-58.8675	25
28	6	-11.2725	-58.8675	25
27	6	-8.7675	-58.8675	25
26	6	-6.2625	-58.8675	25
25	6	-3.7575	-58.8675	25
24	6	-1.2525	-58.8675	25
23	6	1.2525	-58.8675	25
22	6	3.7575	-58.8675	25
21	6	6.2625	-58.8675	25
20	6	8.7675	-58.8675	25
19	6	11.2725	-58.8675	25
18	6	13.7775	-58.8675	25
17	6	16.2825	-58.8675	25
16	6	18.7875	-58.8675	25
15	6	21.2925	-58.8675	25
14	6	23.7975	-58.8675	25
13	6	26.3025	-58.8675	25
12	6	28.8075	-58.8675	25
11	6	31.3125	-58.8675	25
10	6	33.8175	-58.8675	25
9	6	36.3225	-58.8675	25
8	6	38.8275	-58.8675	25
7	6	41.3325	-58.8675	25
6	6	43.8375	-58.8675	25
5	6	46.3425	-58.8675	25
4	6	48.8475	-58.8675	25
3	6	51.3525	-58.8675	25
2	6	53.8575	-58.8675	25
1	6	56.3625	-58.8675	25
0	6	58.8675	-58.8675	25
2361	6	62.625	-57.615	50
2360	6	67.635	-57.615	50
95	7	-58.8675	-56.3625	25
94	7	-56.3625	-56.3625	25
93	7	-53.8575	-56.3625	25
92	7	-51.3525	-56.3625	25
91	7	-48.8475	-56.3625	25
90	7	-46.3425	-56.3625	25
89	7	-43.8375	-56.3625	25
88	7	-41.3325	-56.3625	25
87	7	-38.8275	-56.3625	25
86	7	-36.3225	-56.3625	25
85	7	-33.8175	-56.3625	25
84	7	-31.3125	-56.3625	25
83	7	-28.8075	-56.3625	25
82	7	-26.3025	-56.3625	25
81	7	-23.7975	-56.3625	25
80	7	-21.2925	-56.3625	25
79	7	-18.7875	-56.3625	25
78	7	-16.2825	-56.3625	25
77	7	-13.7775	-56.3625	25
76	7	-11.2725	-56.3625	25
75	7	-8.7675	-56.3625	25
74	7	-6.2625	-56.3625	25
73	7	-3.7575	-56.3625	25
72	7	-1.2525	-56.3625	25
71	7	1.2525	-56.3625	25
70	7	3.7575	-56.3625	25
69	7	6.2625	-56.3625	25
68	7	8.7675	-56.3625	25
67	7	11.2725	-56.3625	25
66	7	13.7775	-56.3625	25
65	7	16.2825	-56.3625	25
64	7	18.7875	-56.3625	25
63	7	21.2925	-56.3625	25
62	7	23.7975	-56.3625	25
61	7	26.3025	-56.3625	25
60	7	28.8075	-56.3625	25
59	7	31.3125	-56.3625	25
58	7	33.8175	-56.3625	25
57	7	36.3225	-56.3625	25
56	7	38.8275	-56.3625	25
55	7	41.3325	-56.3625	25
54	7	43.8375	-56.3625	25
53	7	46.3425	-56.3625	25
52	7	48.8475	-56.3625	25
51	7	51.3525	-56.3625	25
50	7	53.8575	-56.3625	25
49	7	56.3625	-56.3625	25
48	7	58.8675	-56.3625	25
2369	8	-72.645	-52.605	50
2368	8	-67.635	-52.605	50
2367	8	-62.625	-52.605	50
143	8	-58.8675	-53.8575	25
142	8	-56.3625	-53.8575	25
141	8	-53.8575	-53.8575	25
140	8	-51.3525	-53.8575	25
139	8	-48.8475	-53.8575	25
138	8	-46.3425	-53.8575	25
137	8	-43.8375	-53.8575	25
136	8	-41.3325	-53.8575	25
135	8	-38.8275	-53.8575	25
134	8	-36.3225	-53.8575	25
133	8	-33.8175	-53.8575	25
132	8	-31.3125	-53.8575	25
131	8	-28.8075	-53.8575	25
130	8	-26.3025	-53.8575	25
129	8	-23.7975	-53.8575	25
128	8	-21.2925	-53.8575	25
127	8	-18.7875	-53.8575	25
126	8	-16.2825	-53.8575	25
125	8	-13.7775	-53.8575	25
124	8	-11.2725	-53.8575	25
123	8	-8.7675	-53.8575	25
122	8	-6.2625	-53.8575	25
121	8	-3.7575	-53.8575	25
120	8	-1.2525	-53.8575	25
119	8	1.2525	-53.8575	25
118	8	3.7575	-53.8575	25
117	8	6.2625	-53.8575	25
116	8	8.7675	-53.8575	25
115	8	11.2725	-53.8575	25
114	8	13.7775	-53.8575	25
113	8	16.2825	-53.8575	25
112	8	18.7875	-53.8575	25
111	8	21.2925	-53.8575	25
110	8	23.7975	-53.8575	25
109	8	26.3025	-53.8575	25
108	8	28.8075	-53.8575	25
107	8	31.3125	-53.8575	25
106	8	33.8175	-53.8575	25
105	8	36.3225	-53.8575	25
104	8	38.8275	-53.8575	25
103	8	41.3325	-53.8575	25
102	8	43.8375	-53.8575	25
101	8	46.3425	-53.8575	25
100	8	48.8475	-53.8575	25
99	8	51.3525	-53.8575	25
98	8	53.8575	-53.8575	25
97	8	56.3625	-53.8575	25
96	8	58.8675	-53.8575	25
2366	8	62.625	-52.605	50
2365	8	67.635	-52.605	50
2364	8	72.645	-52.605	50
191	9	-58.8675	-51.3525	25
190	9	-56.3625	-51.3525	25
189	9	-53.8575	-51.3525	25
188	9	-51.3525	-51.3525	25
187	9	-48.8475	-51.3525	25
186	9	-46.3425	-51.3525	25
185	9	-43.8375	-51.3525	25
184	9	-41.3325	-51.3525	25
183	9	-38.8275	-51.3525	25
182	9	-36.3225	-51.3525	25
181	9	-33.8175	-51.3525	25
180	9	-31.3125	-51.3525	25
179	9	-28.8075	-51.3525	25
178	9	-26.3025	-51.3525	25
177	9	-23.7975	-51.3525	25
176	9	-21.2925	-51.3525	25
175	9	-18.7875	-51.3525	25
174	9	-16.2825	-51.3525	25
173	9	-13.7775	-51.3525	25
172	9	-11.2725	-51.3525	25
171	9	-8.7675	-51.3525	25
170	9	-6.2625	-51.3525	25
169	9	-3.7575	-51.3525	25
168	9	-1.2525	-51.3525	25
167	9	1.2525	-51.3525	25
166	9	3.7575	-51.3525	25
165	9	6.2625	-51.3525	25
164	9	8.7675	-51.3525	25
163	9	11.2725	-51.3525	25
162	9	13.7775	-51.3525	25
161	9	16.2825	-51.3525	25
160	9	18.7875	-51.3525	25
159	9	21.2925	-51.3525	25
158	9	23.7975	-51.3525	25
157	9	26.3025	-51.3525	25
156	9	28.8075	-51.3525	25
155	9	31.3125	-51.3525	25
154	9	33.8175	-51.3525	25
153	9	36.3225	-51.3525	25
152	9	38.8275	-51.3525	25
151	9	41.3325	-51.3525	25
150	9	43.8375	-51.3525	25
149	9	46.3425	-51.3525	25
148	9	48.8475	-51.3525	25
147	9	51.3525	-51.3525	25
146	9	53.8575	-51.3525	25
145	9	56.3625	-51.3525	25
144	9	58.8675	-51.3525	25
2377	10	-77.655	-47.595	50
2376	10	-72.645	-47.595	50
2375	10	-67.635	-47.595	50
2374	10	-62.625	-47.595	50
239	10	-58.8675	-48.8475	25
238	10	-56.3625	-48.8475	25
237	10	-53.8575	-48.8475	25
236	10	-51.3525	-48.8475	25
235	10	-48.8475	-48.8475	25
234	10	-46.3425	-48.8475	25
233	10	-43.8375	-48.8475	25
232	10	-41.3325	-48.8475	25
231	10	-38.8275	-48.8475	25
230	10	-36.3225	-48.8475	25
229	10	-33.8175	-48.8475	25
228	10	-31.3125	-48.8475	25
227	10	-28.8075	-48.8475	25
226	10	-26.3025	-48.8475	25
225	10	-23.7975	-48.8475	25
224	10	-21.2925	-48.8475	25
223	10	-18.7875	-48.8475	25
222	10	-16.2825	-48.8475	25
221	10	-13.7775	-48.8475	25
220	10	-11.2725	-48.8475	25
219	10	-8.7675	-48.8475	25
218	10	-6.2625	-48.8475	25
217	10	-3.7575	-48.8475	25
216	10	-1.2525	-48.8475	25
215	10	1.2525	-48.8475	25
214	10	3.7575	-48.8475	25
213	10	6.2625	-48.8475	25
212	10	8.7675	-48.8475	25
211	10	11.2725	-48.8475	25
210	10	13.7775	-48.8475	25
209	10	16.2825	-48.8475	25
208	10	18.7875	-48.8475	25
207	10	21.2925	-48.8475	25
206	10	23.7975	-48.8475	25
205	10	26.3025	-48.8475	25
204	10	28.8075	-48.8475	25
203	10	31.3125	-48.8475	25
202	10	33.8175	-48.8475	25
201	10	36.3225	-48.8475	25
200	10	38.8275	-48.8475	25
199	10	41.3325	-48.8475	25
198	10	43.8375	-48.8475	25
197	10	46.3425	-48.8475	25
196	10	48.8475	-48.8475	25
195	10	51.3525	-48.8475	25
194	10	53.8575	-48.8475	25
193	10	56.3625	-48.8475	25
192	10	58.8675	-48.8475	25
2373	10	62.625	-47.595	50
2372	10	67.635	-47.595	50
2371	10	72.645	-47.595	50
2370	10	77.655	-47.595	50
287	11	-58.8675	-46.3425	25
286	11	-56.3625	-46.3425	25
285	11	-53.8575	-46.3425	25
284	11	-51.3525	-46.3425	25
283	11	-48.8475	-46.3425	25
282	11	-46.3425	-46.3425	25
281	11	-43.8375	-46.3425	25
280	11	-41.3325	-46.3425	25
279	11	-38.8275	-46.3425	25
278	11	-36.3225	-46.3425	25
277	11	-33.8175	-46.3425	25
276	11	-31.3125	-46.3425	25
275	11	-28.8075	-46.3425	25
274	11	-26.3025	-46.3425	25
273	11	-23.7975	-46.3425	25
272	11	-21.2925	-46.3425	25
271	11	-18.7875	-46.3425	25
270	11	-16.2825	-46.3425	25
269	11	-13.7775	-46.3425	25
268	11	-11.2725	-46.3425	25
267	11	-8.7675	-46.3425	25
266	11	-6.2625	-46.3425	25
265	11	-3.7575	-46.3425	25
264	11	-1.2525	-46.3425	25
263	11	1.2525	-46.3425	25
262	11	3.7575	-46.3425	25
261	11	6.2625	-46.3425	25
260	11	8.7675	-46.3425	25
259	11	11.2725	-46.3425	25
258	11	13.7775	-46.3425	25
257	11	16.2825	-46.3425	25
256	11	18.7875	-46.3425	25
255	11	21.2925	-46.3425	25
254	11	23.7975	-46.3425	25
253	11	26.3025	-46.3425	25
252	11	28.8075	-46.3425	25
251	11	31.3125	-46.3425	25
250	11	33.8175	-46.3425	25
249	11	36.3225	-46.3425	25
248	11	38.8275	-46.3425	25
247	11	41.3325	-46.3425	25
246	11	43.8375	-46.3425	25
245	11	46.3425	-46.3425	25
244	11	48.8475	-46.3425	25
243	11	51.3525	-46.3425	25
242	11	53.8575	-46.3425	25
241	11	56.3625	-46.3425	25
240	11	58.8675	-46.3425	25
2385	12	-77.655	-42.585	50
2384	12	-72.645	-42.585	50
2383	12	-67.635	-42.585	50
2382	12	-62.625	-42.585	50
335	12	-58.8675	-43.8375	25
334	12	-56.3625	-43.8375	25
333	12	-53.8575	-43.8375	25
332	12	-51.3525	-43.8375	25
331	12	-48.8475	-43.8375	25
330	12	-46.3425	-43.8375	25
329	12	-43.8375	-43.8375	25
328	12	-41.3325	-43.8375	25
327	12	-38.8275	-43.8375	25
326	12	-36.3225	-43.8375	25
325	12	-33.8175	-43.8375	25
324	12	-31.3125	-43.8375	25
323	12	-28.8075	-43.8375	25
322	12	-26.3025	-43.8375	25
321	12	-23.7975	-43.8375	25
320	12	-21.2925	-43.8375	25
319	12	-18.7875	-43.8375	25
318	12	-16.2825	-43.8375	25
317	12	-13.7775	-43.8375	25
316	12	-11.2725	-43.8375	25
315	12	-8.7675	-43.8375	25
314	12	-6.2625	-43.8375	25
313	12	-3.7575	-43.8375	25
312	12	-1.2525	-43.8375	25
311	12	1.2525	-43.8375	25
310	12	3.7575	-43.8375	25
309	12	6.2625	-43.8375	25
308	12	8.7675	-43.8375	25
307	12	11.2725	-43.8375	25
306	12	13.7775	-43.8375	25
305	12	16.2825	-43.8375	25
304	12	18.7875	-43.8375	25
303	12	21.2925	-43.8375	25
302	12	23.7975	-43.8375	25
301	12	26.3025	-43.8375	25
300	12	28.8075	-43.8375	25
299	12	31.3125	-43.8375	25
298	12	33.8175	-43.8375	25
297	12	36.3225	-43.8375	25
296	12	38.8275	-43.8375	25
295	12	41.3325	-43.8375	25
294	12	43.8375	-43.8375	25
293	12	46.3425	-43.8375	25
292	12	48.8475	-43.8375	25
291	12	51.3525	-43.8375	25
290	12	53.8575	-43.8375	25
289	12	56.3625	-43.8375	25
288	12	58.8675	-43.8375	25
2381	12	62.625	-42.585	50
2380	12	67.635	-42.585	50
2379	12	72.645	-42.585	50
2378	12	77.655	-42.585	50
383	13	-58.8675	-41.3325	25
382	13	-56.3625	-41.3325	25
381	13	-53.8575	-41.3325	25
380	13	-51.3525	-41.3325	25
379	13	-48.8475	-41.3325	25
378	13	-46.3425	-41.3325	25
377	13	-43.8375	-41.3325	25
376	13	-41.3325	-41.3325	25
375	13	-38.8275	-41.3325	25
374	13	-36.3225	-41.3325	25
373	13	-33.8175	-41.3325	25
372	13	-31.3125	-41.3325	25
371	13	-28.8075	-41.3325	25
370	13	-26.3025	-41.3325	25
369	13	-23.7975	-41.3325	25
368	13	-21.2925	-41.3325	25
367	13	-18.7875	-41.3325	25
366	13	-16.2825	-41.3325	25
365	13	-13.7775	-41.3325	25
364	13	-11.2725	-41.3325	25
363	13	-8.7675	-41.3325	25
362	13	-6.2625	-41.3325	25
361	13	-3.7575	-41.3325	25
360	13	-1.2525	-41.3325	25
359	13	1.2525	-41.3325	25
358	13	3.7575	-41.3325	25
357	13	6.2625	-41.3325	25
356	13	8.7675	-41.3325	25
355	13	11.2725	-41.3325	25
354	13	13.7775	-41.3325	25
353	13	16.2825	-41.3325	25
352	13	18.7875	-41.3325	25
351	13	21.2925	-41.3325	25
350	13	23.7975	-41.3325	25
349	13	26.3025	-41.3325	25
348	13	28.8075	-41.3325	25
347	13	31.3125	-41.3325	25
346	13	33.8175	-41.3325	25
345	13	36.3225	-41.3325	25
344	13	38.8275	-41.3325	25
343	13	41.3325	-41.3325	25
342	13	43.8375	-41.3325	25
341	13	46.3425	-41.3325	25
340	13	48.8475	-41.3325	25
339	13	51.3525	-41.3325	25
338	13	53.8575	-41.3325	25
337	13	56.3625	-41.3325	25
336	13	58.8675	-41.3325	25
2394	14	-77.655	-37.575	50
2393	14	-72.645	-37.575	50
2392	14	-67.635	-37.575	50
2391	14	-62.625	-37.575	50
431	14	-58.8675	-38.8275	25
430	14	-56.3625	-38.8275	25
429	14	-53.8575	-38.8275	25
428	14	-51.3525	-38.8275	25
427	14	-48.8475	-38.8275	25
426	14	-46.3425	-38.8275	25
425	14	-43.8375	-38.8275	25
424	14	-41.3325	-38.8275	25
423	14	-38.8275	-38.8275	25
422	14	-36.3225	-38.8275	25
421	14	-33.8175	-38.8275	25
420	14	-31.3125	-38.8275	25
419	14	-28.8075	-38.8275	25
418	14	-26.3025	-38.8275	25
417	14	-23.7975	-38.8275	25
416	14	-21.2925	-38.8275	25
415	14	-18.7875	-38.8275	25
414	14	-16.2825	-38.8275	25
413	14	-13.7775	-38.8275	25
412	14	-11.2725	-38.8275	25
411	14	-8.7675	-38.8275	25
410	14	-6.2625	-38.8275	25
409	14	-3.7575	-38.8275	25
408	14	-1.2525	-38.8275	25
407	14	1.2525	-38.8275	25
406	14	3.7575	-38.8275	25
405	14	6.2625	-38.8275	25
404	14	8.7675	-38.8275	25
403	14	11.2725	-38.8275	25
402	14	13.7775	-38.8275	25
401	14	16.2825	-38.8275	25
400	14	18.7875	-38.8275	25
399	14	21.2925	-38.8275	25
398	14	23.7975	-38.8275	25
397	14	26.3025	-38.8275	25
396	14	28.8075	-38.8275	25
395	14	31.3125	-38.8275	25
394	14	33.8175	-38.8275	25
393	14	36.3225	-38.8275	25
392	14	38.8275	-38.8275	25
391	14	41.3325	-38.8275	25
390	14	43.8375	-38.8275	25
389	14	46.3425	-38.8275	25
388	14	48.8475	-38.8275	25
387	14	51.3525	-38.8275	25
386	14	53.8575	-38.8275	25
385	14	56.3625	-38.8275	25
384	14	58.8675	-38.8275	25
2390	14	62.625	-37.575	50
2389	14	67.635	-37.575	50
2388	14	72.645	-37.575	50
2387	14	77.655	-37.575	50
479	15	-58.8675	-36.3225	25
478	15	-56.3625	-36.3225	25
477	15	-53.8575	-36.3225	25
476	15	-51.3525	-36.3225	25
475	15	-48.8475	-36.3225	25
474	15	-46.3425	-36.3225	25
473	15	-43.8375	-36.3225	25
472	15	-41.3325	-36.3225	25
471	15	-38.8275	-36.3225	25
470	15	-36.3225	-36.3225	25
469	15	-33.8175	-36.3225	25
468	15	-31.3125	-36.3225	25
467	15	-28.8075	-36.3225	25
466	15	-26.3025	-36.3225	25
465	15	-23.7975	-36.3225	25
464	15	-21.2925	-36.3225	25
463	15	-18.7875	-36.3225	25
462	15	-16.2825	-36.3225	25
461	15	-13.7775	-36.3225	25
460	15	-11.2725	-36.3225	25
459	15	-8.7675	-36.3225	25
458	15	-6.2625	-36.3225	25
457	15	-3.7575	-36.3225	25
456	15	-1.2525	-36.3225	25
455	15	1.2525	-36.3225	25
454	15	3.7575	-36.3225	25
453	15	6.2625	-36.3225	25
452	15	8.7675	-36.3225	25
451	15	11.2725	-36.3225	25
450	15	13.7775	-36.3225	25
449	15	16.2825	-36.3225	25
448	15	18.7875	-36.3225	25
447	15	21.2925	-36.3225	25
446	15	23.7975	-36.3225	25
445	15	26.3025	-36.3225	25
444	15	28.8075	-36.3225	25
443	15	31.3125	-36.3225	25
442	15	33.8175	-36.3225	25
441	15	36.3225	-36.3225	25
440	15	38.8275	-36.3225	25
439	15	41.3325	-36.3225	25
438	15	43.8375	-36.3225	25
437	15	46.3425	-36.3225	25
436	15	48.8475	-36.3225	25
435	15	51.3525	-36.3225	25
434	15	53.8575	-36.3225	25
433	15	56.3625	-36.3225	25
432	15	58.8675	-36.3225	25
2405	16	-82.665	-32.565	50
2404	16	-77.655	-32.565	50
2403	16	-72.645	-32.565	50
2402	16	-67.635	-32.565	50
2401	16	-62.625	-32.565	50
527	16	-58.8675	-33.8175	25
526	16	-56.3625	-33.8175	25
525	16	-53.8575	-33.8175	25
524	16	-51.3525	-33.8175	25
523	16	-48.8475	-33.8175	25
522	16	-46.3425	-33.8175	25
521	16	-43.8375	-33.8175	25
520	16	-41.3325	-33.8175	25
519	16	-38.8275	-33.8175	25
518	16	-36.3225	-33.8175	25
517	16	-33.8175	-33.8175	25
516	16	-31.3125	-33.8175	25
515	16	-28.8075	-33.8175	25
514	16	-26.3025	-33.8175	25
513	16	-23.7975	-33.8175	25
512	16	-21.2925	-33.8175	25
511	16	-18.7875	-33.8175	25
510	16	-16.2825	-33.8175	25
509	16	-13.7775	-33.8175	25
508	16	-11.2725	-33.8175	25
507	16	-8.7675	-33.8175	25
506	16	-6.2625	-33.8175	25
505	16	-3.7575	-33.8175	25
504	16	-1.2525	-33.8175	25
503	16	1.2525	-33.8175	25
502	16	3.7575	-33.8175	25
501	16	6.2625	-33.8175	25
500	16	8.7675	-33.8175	25
499	16	11.2725	-33.8175	25
498	16	13.7775	-33.8175	25
497	16	16.2825	-33.8175	25
496	16	18.7875	-33.8175	25
495	16	21.2925	-33.8175	25
494	16	23.7975	-33.8175	25
493	16	26.3025	-33.8175	25
492	16	28.8075	-33.8175	25
491	16	31.3125	-33.8175	25
490	16	33.8175	-33.8175	25
489	16	36.3225	-33.8175	25
488	16	38.8275	-33.8175	25
487	16	41.3325	-33.8175	25
486	16	43.8375	-33.8175	25
485	16	46.3425	-33.8175	25
484	16	48.8475	-33.8175	25
483	16	51.3525	-33.8175	25
482	16	53.8575	-33.8175	25
481	16	56.3625	-33.8175	25
480	16	58.8675	-33.8175	25
2400	16	62.625	-32.565	50
2399	16	67.635	-32.565	50
2398	16	72.645	-32.565	50
2397	16	77.655	-32.565	50
2396	16	82.665	-32.565	50
575	17	-58.8675	-31.3125	25
574	17	-56.3625	-31.3125	25
573	17	-53.8575	-31.3125	25
572	17	-51.3525	-31.3125	25
571	17	-48.8475	-31.3125	25
570	17	-46.3425	-31.3125	25
569	17	-43.8375	-31.3125	25
568	17	-41.3325	-31.3125	25
567	17	-38.8275	-31.3125	25
566	17	-36.3225	-31.3125	25
565	17	-33.8175	-31.3125	25
564	17	-31.3125	-31.3125	25
563	17	-28.8075	-31.3125	25
562	17	-26.3025	-31.3125	25
561	17	-23.7975	-31.3125	25
560	17	-21.2925	-31.3125	25
559	17	-18.7875	-31.3125	25
558	17	-16.2825	-31.3125	25
557	17	-13.7775	-31.3125	25
556	17	-11.2725	-31.3125	25
555	17	-8.7675	-31.3125	25
554	17	-6.2625	-31.3125	25
553	17	-3.7575	-31.3125	25
552	17	-1.2525	-31.3125	25
551	17	1.2525	-31.3125	25
550	17	3.7575	-31.3125	25
549	17	6.2625	-31.3125	25
548	17	8.7675	-31.3125	25
547	17	11.2725	-31.3125	25
546	17	13.7775	-31.3125	25
545	17	16.2825	-31.3125	25
544	17	18.7875	-31.3125	25
543	17	21.2925	-31.3125	25
542	17	23.7975	-31.3125	25
541	17	26.3025	-31.3125	25
540	17	28.8075	-31.3125	25
539	17	31.3125	-31.3125	25
538	17	33.8175	-31.3125	25
537	17	36.3225	-31.3125	25
536	17	38.8275	-31.3125	25
535	17	41.3325	-31.3125	25
534	17	43.8375	-31.3125	25
533	17	46.3425	-31.3125	25
532	17	48.8475	-31.3125	25
531	17	51.3525	-31.3125	25
530	17	53.8575	-31.3125	25
529	17	56.3625	-31.3125	25
528	17	58.8675	-31.3125	25
2416	18	-82.665	-27.555	50
2415	18	-77.655	-27.555	50
2414	18	-72.645	-27.555	50
2413	18	-67.635	-27.555	50
2412	18	-62.625	-27.555	50
623	18	-58.8675	-28.8075	25
622	18	-56.3625	-28.8075	25
621	18	-53.8575	-28.8075	25
620	18	-51.3525	-28.8075	25
619	18	-48.8475	-28.8075	25
618	18	-46.3425	-28.8075	25
617	18	-43.8375	-28.8075	25
616	18	-41.3325	-28.8075	25
615	18	-38.8275	-28.8075	25
614	18	-36.3225	-28.8075	25
613	18	-33.8175	-28.8075	25
612	18	-31.3125	-28.8075	25
611	18	-28.8075	-28.8075	25
610	18	-26.3025	-28.8075	25
609	18	-23.7975	-28.8075	25
608	18	-21.2925	-28.8075	25
607	18	-18.7875	-28.8075	25
606	18	-16.2825	-28.8075	25
605	18	-13.7775	-28.8075	25
604	18	-11.2725	-28.8075	25
603	18	-8.7675	-28.8075	25
602	18	-6.2625	-28.8075	25
601	18	-3.7575	-28.8075	25
600	18	-1.2525	-28.8075	25
599	18	1.2525	-28.8075	25
598	18	3.7575	-28.8075	25
597	18	6.2625	-28.8075	25
596	18	8.7675	-28.8075	25
595	18	11.2725	-28.8075	25
594	18	13.7775	-28.8075	25
593	18	16.2825	-28.8075	25
592	18	18.7875	-28.8075	25
591	18	21.2925	-28.8075	25
590	18	23.7975	-28.8075	25
589	18	26.3025	-28.8075	25
588	18	28.8075	-28.8075	25
587	18	31.3125	-28.8075	25
586	18	33.8175	-28.8075	25
585	18	36.3225	-28.8075	25
584	18	38.8275	-28.8075	25
583	18	41.3325	-28.8075	25
582	18	43.8375	-28.8075	25
581	18	46.3425	-28.8075	25
580	18	48.8475	-28.8075	25
579	18	51.3525	-28.8075	25
578	18	53.8575	-28.8075	25
577	18	56.3625	-28.8075	25
576	18	58.8675	-28.8075	25
2411	18	62.625	-27.555	50
2410	18	67.635	-27.555	50
2409	18	72.645	-27.555	50
2408	18	77.655	-27.555	50
2407	18	82.665	-27.555	50
671	19	-58.8675	-26.3025	25
670	19	-56.3625	-26.3025	25
669	19	-53.8575	-26.3025	25
668	19	-51.3525	-26.3025	25
667	19	-48.8475	-26.3025	25
666	19	-46.3425	-26.3025	25
665	19	-43.8375	-26.3025	25
664	19	-41.3325	-26.3025	25
663	19	-38.8275	-26.3025	25
662	19	-36.3225	-26.3025	25
661	19	-33.8175	-26.3025	25
660	19	-31.3125	-26.3025	25
659	19	-28.8075	-26.3025	25
658	19	-26.3025	-26.3025	25
657	19	-23.7975	-26.3025	25
656	19	-21.2925	-26.3025	25
655	19	-18.7875	-26.3025	25
654	19	-16.2825	-26.3025	25
653	19	-13.7775	-26.3025	25
652	19	-11.2725	-26.3025	25
651	19	-8.7675	-26.3025	25
650	19	-6.2625	-26.3025	25
649	19	-3.7575	-26.3025	25
648	19	-1.2525	-26.3025	25
647	19	1.2525	-26.3025	25
646	19	3.7575	-26.3025	25
645	19	6.2625	-26.3025	25
644	19	8.7675	-26.3025	25
643	19	11.2725	-26.3025	25
642	19	13.7775	-26.3025	25
641	19	16.2825	-26.3025	25
640	19	18.7875	-26.3025	25
639	19	21.2925	-26.3025	25
638	19	23.7975	-26.3025	25
637	19	26.3025	-26.3025	25
636	19	28.8075	-26.3025	25
635	19	31.3125	-26.3025	25
634	19	33.8175	-26.3025	25
633	19	36.3225	-26.3025	25
632	19	38.8275	-26.3025	25
631	19	41.3325	-26.3025	25
630	19	43.8375	-26.3025	25
629	19	46.3425	-26.3025	25
628	19	48.8475	-26.3025	25
627	19	51.3525	-26.3025	25
626	19	53.8575	-26.3025	25
625	19	56.3625	-26.3025	25
624	19	58.8675	-26.3025	25
2429	20	-87.675	-22.545	50
2428	20	-82.665	-22.545	50
2427	20	-77.655	-22.545	50
2426	20	-72.645	-22.545	50
2425	20	-67.635	-22.545	50
2424	20	-62.625	-22.545	50
719	20	-58.8675	-23.7975	25
718	20	-56.3625	-23.7975	25
717	20	-53.8575	-23.7975	25
716	20	-51.3525	-23.7975	25
715	20	-48.8475	-23.7975	25
714	20	-46.3425	-23.7975	25
713	20	-43.8375	-23.7975	25
712	20	-41.3325	-23.7975	25
711	20	-38.8275	-23.7975	25
710	20	-36.3225	-23.7975	25
709	20	-33.8175	-23.7975	25
708	20	-31.3125	-23.7975	25
707	20	-28.8075	-23.7975	25
706	20	-26.3025	-23.7975	25
705	20	-23.7975	-23.7975	25
704	20	-21.2925	-23.7975	25
703	20	-18.7875	-23.7975	25
702	20	-16.2825	-23.7975	25
701	20	-13.7775	-23.7975	25
700	20	-11.2725	-23.7975	25
699	20	-8.7675	-23.7975	25
698	20	-6.2625	-23.7975	25
697	20	-3.7575	-23.7975	25
696	20	-1.2525	-23.7975	25
695	20	1.2525	-23.7975	25
694	20	3.7575	-23.7975	25
693	20	6.2625	-23.7975	25
692	20	8.7675	-23.7975	25
691	20	11.2725	-23.7975	25
690	20	13.7775	-23.7975	25
689	20	16.2825	-23.7975	25
688	20	18.7875	-23.7975	25
687	20	21.2925	-23.7975	25
686	20	23.7975	-23.7975	25
685	20	26.3025	-23.7975	25
684	20	28.8075	-23.7975	25
683	20	31.3125	-23.7975	25
682	20	33.8175	-23.7975	25
681	20	36.3225	-23.7975	25
680	20	38.8275	-23.7975	25
679	20	41.3325	-23.7975	25
678	20	43.8375	-23.7975	25
677	20	46.3425	-23.7975	25
676	20	48.8475	-23.7975	25
675	20	51.3525	-23.7975	25
674	20	53.8575	-23.7975	25
673	20	56.3625	-23.7975	25
672	20	58.8675	-23.7975	25
2423	20	62.625	-22.545	50
2422	20	67.635	-22.545	50
2421	20	72.645	-22.545	50
2420	20	77.655	-22.545	50
2419	20	82.665	-22.545	50
2418	20	87.675	-22.545	50
767	21	-58.8675	-21.2925	25
766	21	-56.3625	-21.2925	25
765	21	-53.8575	-21.2925	25
764	21	-51.3525	-21.2925	25
763	21	-48.8475	-21.2925	25
762	21	-46.3425	-21.2925	25
761	21	-43.8375	-21.2925	25
760	21	-41.3325	-21.2925	25
759	21	-38.8275	-21.2925	25
758	21	-36.3225	-21.2925	25
757	21	-33.8175	-21.2925	25
756	21	-31.3125	-21.2925	25
755	21	-28.8075	-21.2925	25
754	21	-26.3025	-21.2925	25
753	21	-23.7975	-21.2925	25
752	21	-21.2925	-21.2925	25
751	21	-18.7875	-21.2925	25
750	21	-16.2825	-21.2925	25
749	21	-13.7775	-21.2925	25
748	21	-11.2725	-21.2925	25
747	21	-8.7675	-21.2925	25
746	21	-6.2625	-21.2925	25
745	21	-3.7575	-21.2925	25
744	21	-1.2525	-21.2925	25
743	21	1.2525	-21.2925	25
742	21	3.7575	-21.2925	25
741	21	6.2625	-21.2925	25
740	21	8.7675	-21.2925	25
739	21	11.2725	-21.2925	25
738	21	13.7775	-21.2925	25
737	21	16.2825	-21.2925	25
736	21	18.7875	-21.2925	25
735	21	21.2925	-21.2925	25
734	21	23.7975	-21.2925	25
733	21	26.3025	-21.2925	25
732	21	28.8075	-21.2925	25
731	21	31.3125	-21.2925	25
730	21	33.8175	-21.2925	25
729	21	36.3225	-21.2925	25
728	21	38.8275	-21.2925	25
727	21	41.3325	-21.2925	25
726	21	43.8375	-21.2925	25
725	21	46.3425	-21.2925	25
724	21	48.8475	-21.2925	25
723	21	51.3525	-21.2925	25
722	21	53.8575	-21.2925	25
721	21	56.3625	-21.2925	25
720	21	58.8675	-21.2925	25
2441	22	-87.675	-17.535	50
2440	22	-82.665	-17.535	50
2439	22	-77.655	-17.535	50
2438	22	-72.645	-17.535	50
2437	22	-67.635	-17.535	50
2436	22	-62.625	-17.535	50
815	22	-58.8675	-18.7875	25
814	22	-56.3625	-18.7875	25
813	22	-53.8575	-18.7875	25
812	22	-51.3525	-18.7875	25
811	22	-48.8475	-18.7875	25
810	22	-46.3425	-18.7875	25
809	22	-43.8375	-18.7875	25
808	22	-41.3325	-18.7875	25
807	22	-38.8275	-18.7875	25
806	22	-36.3225	-18.7875	25
805	22	-33.8175	-18.7875	25
804	22	-31.3125	-18.7875	25
803	22	-28.8075	-18.7875	25
802	22	-26.3025	-18.7875	25
801	22	-23.7975	-18.7875	25
800	22	-21.2925	-18.7875	25
799	22	-18.7875	-18.7875	25
798	22	-16.2825	-18.7875	25
797	22	-13.7775	-18.7875	25
796	22	-11.2725	-18.7875	25
795	22	-8.7675	-18.7875	25
794	22	-6.2625	-18.7875	25
793	22	-3.7575	-18.7875	25
792	22	-1.2525	-18.7875	25
791	22	1.2525	-18.7875	25
790	22	3.7575	-18.7875	25
789	22	6.2625	-18.7875	25
788	22	8.7675	-18.7875	25
787	22	11.2725	-18.7875	25
786	22	13.7775	-18.7875	25
785	22	16.2825	-18.7875	25
784	22	18.7875	-18.7875	25
783	22	21.2925	-18.7875	25
782	22	23.7975	-18.7875	25
781	22	26.3025	-18.7875	25
780	22	28.8075	-18.7875	25
779	22	31.3125	-18.7875	25
778	22	33.8175	-18.7875	25
777	22	36.3225	-18.7875	25
776	22	38.8275	-18.7875	25
775	22	41.3325	-18.7875	25
774	22	43.8375	-18.7875	25
773	22	46.3425	-18.7875	25
772	22	48.8475	-18.7875	25
771	22	51.3525	-18.7875	25
770	22	53.8575	-18.7875	25
769	22	56.3625	-18.7875	25
768	22	58.8675	-18.7875	25
2435	22	62.625	-17.535	50
2434	22	67.635	-17.535	50
2433	22	72.645	-17.535	50
2432	22	77.655	-17.535	50
2431	22	82.665	-17.535	50
2430	22	87.675	-17.535	50
863	23	-58.8675	-16.2825	25
862	23	-56.3625	-16.2825	25
861	23	-53.8575	-16.2825	25
860	23	-51.3525	-16.2825	25
859	23	-48.8475	-16.2825	25
858	23	-46.3425	-16.2825	25
857	23	-43.8375	-16.2825	25
856	23	-41.3325	-16.2825	25
855	23	-38.8275	-16.2825	25
854	23	-36.3225	-16.2825	25
853	23	-33.8175	-16.2825	25
852	23	-31.3125	-16.2825	25
851	23	-28.8075	-16.2825	25
850	23	-26.3025	-16.2825	25
849	23	-23.7975	-16.2825	25
848	23	-21.2925	-16.2825	25
847	23	-18.7875	-16.2825	25
846	23	-16.2825	-16.2825	25
845	23	-13.7775	-16.2825	25
844	23	-11.2725	-16.2825	25
843	23	-8.7675	-16.2825	25
842	23	-6.2625	-16.2825	25
841	23	-3.7575	-16.2825	25
840	23	-1.2525	-16.2825	25
839	23	1.2525	-16.2825	25
838	23	3.7575	-16.2825	25
837	23	6.2625	-16.2825	25
836	23	8.7675	-16.2825	25
835	23	11.2725	-16.2825	25
834	23	13.7775	-16.2825	25
833	23	16.2825	-16.2825	25
832	23	18.7875	-16.2825	25
831	23	21.2925	-16.2825	25
830	23	23.7975	-16.2825	25
829	23	26.3025	-16.2825	25
828	23	28.8075	-16.2825	25
827	23	31.3125	-16.2825	25
826	23	33.8175	-16.2825	25
825	23	36.3225	-16.2825	25
824	23	38.8275	-16.2825	25
823	23	41.3325	-16.2825	25
822	23	43.8375	-16.2825	25
821	23	46.3425	-16.2825	25
820	23	48.8475	-16.2825	25
819	23	51.3525	-16.2825	25
818	23	53.8575	-16.2825	25
817	23	56.3625	-16.2825	25
816	23	58.8675	-16.2825	25
2453	24	-87.675	-12.525	50
2452	24	-82.665	-12.525	50
2451	24	-77.655	-12.525	50
2450	24	-72.645	-12.525	50
2449	24	-67.635	-12.525	50
2448	24	-62.625	-12.525	50
911	24	-58.8675	-13.7775	25
910	24	-56.3625	-13.7775	25
909	24	-53.8575	-13.7775	25
908	24	-51.3525	-13.7775	25
907	24	-48.8475	-13.7775	25
906	24	-46.3425	-13.7775	25
905	24	-43.8375	-13.7775	25
904	24	-41.3325	-13.7775	25
903	24	-38.8275	-13.7775	25
902	24	-36.3225	-13.7775	25
901	24	-33.8175	-13.7775	25
900	24	-31.3125	-13.7775	25
899	24	-28.8075	-13.7775	25
898	24	-26.3025	-13.7775	25
897	24	-23.7975	-13.7775	25
896	24	-21.2925	-13.7775	25
895	24	-18.7875	-13.7775	25
894	24	-16.2825	-13.7775	25
893	24	-13.7775	-13.7775	25
892	24	-11.2725	-13.7775	25
891	24	-8.7675	-13.7775	25
890	24	-6.2625	-13.7775	25
889	24	-3.7575	-13.7775	25
888	24	-1.2525	-13.7775	25
887	24	1.2525	-13.7775	25
886	24	3.7575	-13.7775	25
885	24	6.2625	-13.7775	25
884	24	8.7675	-13.7775	25
883	24	11.2725	-13.7775	25
882	24	13.7775	-13.7775	25
881	24	16.2825	-13.7775	25
880	24	18.7875	-13.7775	25
879	24	21.2925	-13.7775	25
878	24	23.7975	-13.7775	25
877	24	26.3025	-13.7775	25
876	24	28.8075	-13.7775	25
875	24	31.3125	-13.7775	25
874	24	33.8175	-13.7775	25
873	24	36.3225	-13.7775	25
872	24	38.8275	-13.7775	25
871	24	41.3325	-13.7775	25
870	24	43.8375	-13.7775	25
869	24	46.3425	-13.7775	25
868	24	48.8475	-13.7775	25
867	24	51.3525	-13.7775	25
866	24	53.8575	-13.7775	25
865	24	56.3625	-13.7775	25
864	24	58.8675	-13.7775	25
2447	24	62.625	-12.525	50
2446	24	67.635	-12.525	50
2445	24	72.645	-12.525	50
2444	24	77.655	-12.525	50
2443	24	82.665	-12.525	50
2442	24	87.675	-12.525	50
959	25	-58.8675	-11.2725	25
958	25	-56.3625	-11.2725	25
957	25	-53.8575	-11.2725	25
956	25	-51.3525	-11.2725	25
955	25	-48.8475	-11.2725	25
954	25	-46.3425	-11.2725	25
953	25	-43.8375	-11.2725	25
952	25	-41.3325	-11.2725	25
951	25	-38.8275	-11.2725	25
950	25	-36.3225	-11.2725	25
949	25	-33.8175	-11.2725	25
948	25	-31.3125	-11.2725	25
947	25	-28.8075	-11.2725	25
946	25	-26.3025	-11.2725	25
945	25	-23.7975	-11.2725	25
944	25	-21.2925	-11.2725	25
943	25	-18.7875	-11.2725	25
942	25	-16.2825	-11.2725	25
941	25	-13.7775	-11.2725	25
940	25	-11.2725	-11.2725	25
939	25	-8.7675	-11.2725	25
938	25	-6.2625	-11.2725	25
937	25	-3.7575	-11.2725	25
936	25	-1.2525	-11.2725	25
935	25	1.2525	-11.2725	25
934	25	3.7575	-11.2725	25
933	25	6.2625	-11.2725	25
932	25	8.7675	-11.2725	25
931	25	11.2725	-11.2725	25
930	25	13.7775	-11.2725	25
929	25	16.2825	-11.2725	25
928	25	18.7875	-11.2725	25
927	25	21.2925	-11.2725	25
926	25	23.7975	-11.2725	25
925	25	26.3025	-11.2725	25
924	25	28.8075	-11.2725	25
923	25	31.3125	-11.2725	25
922	25	33.8175	-11.2725	25
921	25	36.3225	-11.2725	25
920	25	38.8275	-11.2725	25
919	25	41.3325	-11.2725	25
918	25	43.8375	-11.2725	25
917	25	46.3425	-11.2725	25
916	25	48.8475	-11.2725	25
915	25	51.3525	-11.2725	25
914	25	53.8575	-11.2725	25
913	25	56.3625	-11.2725	25
912	25	58.8675	-11.2725	25
2465	26	-87.675	-7.515	50
2464	26	-82.665	-7.515	50
2463	26	-77.655	-7.515	50
2462	26	-72.645	-7.515	50
2461	26	-67.635	-7.515	50
2460	26	-62.625	-7.515	50
999	26	-58.8675	-8.7675	25
998	26	-56.3625	-8.7675	25
997	26	-53.8575	-8.7675	25
996	26	-51.3525	-8.7675	25
995	26	-48.8475	-8.7675	25
994	26	-46.3425	-8.7675	25
993	26	-43.8375	-8.7675	25
992	26	-41.3325	-8.7675	25
991	26	-38.8275	-8.7675	25
990	26	-36.3225	-8.7675	25
989	26	-33.8175	-8.7675	25
988	26	-31.3125	-8.7675	25
987	26	-28.8075	-8.7675	25
986	26	-26.3025	-8.7675	25
985	26	-23.7975	-8.7675	25
984	26	-21.2925	-8.7675	25
983	26	-18.7875	-8.7675	25
982	26	-16.2825	-8.7675	25
981	26	-13.7775	-8.7675	25
980	26	-11.2725	-8.7675	25
979	26	11.2725	-8.7675	25
978	26	13.7775	-8.7675	25
977	26	16.2825	-8.7675	25
976	26	18.7875	-8.7675	25
975	26	21.2925	-8.7675	25
974	26	23.7975	-8.7675	25
973	26	26.3025	-8.7675	25
972	26	28.8075	-8.7675	25
971	26	31.3125	-8.7675	25
970	26	33.8175	-8.7675	25
969	26	36.3225	-8.7675	25
968	26	38.8275	-8.7675	25
967	26	41.3325	-8.7675	25
966	26	43.8375	-8.7675	25
965	26	46.3425	-8.7675	25
964	26	48.8475	-8.7675	25
963	26	51.3525	-8.7675	25
962	26	53.8575	-8.7675	25
961	26	56.3625	-8.7675	25
960	26	58.8675	-8.7675	25
2459	26	62.625	-7.515	50
2458	26	67.635	-7.515	50
2457	26	72.645	-7.515	50
2456	26	77.655	-7.515	50
2455	26	82.665	-7.515	50
2454	26	87.675	-7.515	50
1039	27	-58.8675	-6.2625	25
1038	27	-56.3625	-6.2625	25
1037	27	-53.8575	-6.2625	25
1036	27	-51.3525	-6.2625	25
1035	27	-48.8475	-6.2625	25
1034	27	-46.3425	-6.2625	25
1033	27	-43.8375	-6.2625	25
1032	27	-41.3325	-6.2625	25
1031	27	-38.8275	-6.2625	25
1030	27	-36.3225	-6.2625	25
1029	27	-33.8175	-6.2625	25
1028	27	-31.3125	-6.2625	25
1027	27	-28.8075	-6.2625	25
1026	27	-26.3025	-6.2625	25
1025	27	-23.7975	-6.2625	25
1024	27	-21.2925	-6.2625	25
1023	27	-18.7875	-6.2625	25
1022	27	-16.2825	-6.2625	25
1021	27	-13.7775	-6.2625	25
1020	27	-11.2725	-6.2625	25
1019	27	11.2725	-6.2625	25
1018	27	13.7775	-6.2625	25
1017	27	16.2825	-6.2625	25
1016	27	18.7875	-6.2625	25
1015	27	21.2925	-6.2625	25
1014	27	23.7975	-6.2625	25
1013	27	26.3025	-6.2625	25
1012	27	28.8075	-6.2625	25
1011	27	31.3125	-6.2625	25
1010	27	33.8175	-6.2625	25
1009	27	36.3225	-6.2625	25
1008	27	38.8275	-6.2625	25
1007	27	41.3325	-6.2625	25
1006	27	43.8375	-6.2625	25
1005	27	46.3425	-6.2625	25
1004	27	48.8475	-6.2625	25
1003	27	51.3525	-6.2625	25
1002	27	53.8575	-6.2625	25
1001	27	56.3625	-6.2625	25
1000	27	58.8675	-6.2625	25
2477	28	-87.675	-2.505	50
2476	28	-82.665	-2.505	50
2475	28	-77.655	-2.505	50
2474	28	-72.645	-2.505	50
2473	28	-67.635	-2.505	50
2472	28	-62.625	-2.505	50
1079	28	-58.8675	-3.7575	25
1078	28	-56.3625	-3.7575	25
1077	28	-53.8575	-3.7575	25
1076	28	-51.3525	-3.7575	25
1075	28	-48.8475	-3.7575	25
1074	28	-46.3425	-3.7575	25
1073	28	-43.8375	-3.7575	25
1072	28	-41.3325	-3.7575	25
1071	28	-38.8275	-3.7575	25
1070	28	-36.3225	-3.7575	25
1069	28	-33.8175	-3.7575	25
1068	28	-31.3125	-3.7575	25
1067	28	-28.8075	-3.7575	25
1066	28	-26.3025	-3.7575	25
1065	28	-23.7975	-3.7575	25
1064	28	-21.2925	-3.7575	25
1063	28	-18.7875	-3.7575	25
1062	28	-16.2825	-3.7575	25
1061	28	-13.7775	-3.7575	25
1060	28	-11.2725	-3.7575	25
1059	28	11.2725	-3.7575	25
1058	28	13.7775	-3.7575	25
1057	28	16.2825	-3.7575	25
1056	28	18.7875	-3.7575	25
1055	28	21.2925	-3.7575	25
1054	28	23.7975	-3.7575	25
1053	28	26.3025	-3.7575	25
1052	28	28.8075	-3.7575	25
1051	28	31.3125	-3.7575	25
1050	28	33.8175	-3.7575	25
1049	28	36.3225	-3.7575	25
1048	28	38.8275	-3.7575	25
1047	28	41.3325	-3.7575	25
1046	28	43.8375	-3.7575	25
1045	28	46.3425	-3.7575	25
1044	28	48.8475	-3.7575	25
1043	28	51.3525	-3.7575	25
1042	28	53.8575	-3.7575	25
1041	28	56.3625	-3.7575	25
1040	28	58.8675	-3.7575	25
2471	28	62.625	-2.505	50
2470	28	67.635	-2.505	50
2469	28	72.645	-2.505	50
2468	28	77.655	-2.505	50
2467	28	82.665	-2.505	50
2466	28	87.675	-2.505	50
1119	29	-58.8675	-1.2525	25
1118	29	-56.3625	-1.2525	25
1117	29	-53.8575	-1.2525	25
1116	29	-51.3525	-1.2525	25
1115	29	-48.8475	-1.2525	25
1114	29	-46.3425	-1.2525	25
1113	29	-43.8375	-1.2525	25
1112	29	-41.3325	-1.2525	25
1111	29	-38.8275	-1.2525	25
1110	29	-36.3225	-1.2525	25
1109	29	-33.8175	-1.2525	25
1108	29	-31.3125	-1.2525	25
1107	29	-28.8075	-1.2525	25
1106	29	-26.3025	-1.2525	25
1105	29	-23.7975	-1.2525	25
1104	29	-21.2925	-1.2525	25
1103	29	-18.7875	-1.2525	25
1102	29	-16.2825	-1.2525	25
1101	29	-13.7775	-1.2525	25
1100	29	-11.2725	-1.2525	25
1099	29	11.2725	-1.2525	25
1098	29	13.7775	-1.2525	25
1097	29	16.2825	-1.2525	25
1096	29	18.7875	-1.2525	25
1095	29	21.2925	-1.2525	25
1094	29	23.7975	-1.2525	25
1093	29	26.3025	-1.2525	25
1092	29	28.8075	-1.2525	25
1091	29	31.3125	-1.2525	25
1090	29	33.8175	-1.2525	25
1089	29	36.3225	-1.2525	25
1088	29	38.8275	-1.2525	25
1087	29	41.3325	-1.2525	25
1086	29	43.8375	-1.2525	25
1085	29	46.3425	-1.2525	25
1084	29	48.8475	-1.2525	25
1083	29	51.3525	-1.2525	25
1082	29	53.8575	-1.2525	25
1081	29	56.3625	-1.2525	25
1080	29	58.8675	-1.2525	25
2489	30	-87.675	2.505	50
2488	30	-82.665	2.505	50
2487	30	-77.655	2.505	50
2486	30	-72.645	2.505	50
2485	30	-67.635	2.505	50
2484	30	-62.625	2.505	50
1159	30	-58.8675	1.2525	25
1158	30	-56.3625	1.2525	25
1157	30	-53.8575	1.2525	25
1156	30	-51.3525	1.2525	25
1155	30	-48.8475	1.2525	25
1154	30	-46.3425	1.2525	25
1153	30	-43.8375	1.2525	25
1152	30	-41.3325	1.2525	25
1151	30	-38.8275	1.2525	25
1150	30	-36.3225	1.2525	25
1149	30	-33.8175	1.2525	25
1148	30	-31.3125	1.2525	25
1147	30	-28.8075	1.2525	25
1146	30	-26.3025	1.2525	25
1145	30	-23.7975	1.2525	25
1144	30	-21.2925	1.2525	25
1143	30	-18.7875	1.2525	25
1142	30	-16.2825	1.2525	25
1141	30	-13.7775	1.2525	25
1140	30	-11.2725	1.2525	25
1139	30	11.2725	1.2525	25
1138	30	13.7775	1.2525	25
1137	30	16.2825	1.2525	25
1136	30	18.7875	1.2525	25
1135	30	21.2925	1.2525	25
1134	30	23.7975	1.2525	25
1133	30	26.3025	1.2525	25
1132	30	28.8075	1.2525	25
1131	30	31.3125	1.2525	25
1130	30	33.8175	1.2525	25
1129	30	36.3225	1.2525	25
1128	30	38.8275	1.2525	25
1127	30	41.3325	1.2525	25
1126	30	43.8375	1.2525	25
1125	30	46.3425	1.2525	25
1124	30	48.8475	1.2525	25
1123	30	51.3525	1.2525	25
1122	30	53.8575	1.2525	25
1121	30	56.3625	1.2525	25
1120	30	58.8675	1.2525	25
2483	30	62.625	2.505	50
2482	30	67.635	2.505	50
2481	30	72.645	2.505	50
2480	30	77.655	2.505	50
2479	30	82.665	2.505	50
2478	30	87.675	2.505	50
1199	31	-58.8675	3.7575	25
1198	31	-56.3625	3.7575	25
1197	31	-53.8575	3.7575	25
1196	31	-51.3525	3.7575	25
1195	31	-48.8475	3.7575	25
1194	31	-46.3425	3.7575	25
1193	31	-43.8375	3.7575	25
1192	31	-41.3325	3.7575	25
1191	31	-38.8275	3.7575	25
1190	31	-36.3225	3.7575	25
1189	31	-33.8175	3.7575	25
1188	31	-31.3125	3.7575	25
1187	31	-28.8075	3.7575	25
1186	31	-26.3025	3.7575	25
1185	31	-23.7975	3.7575	25
1184	31	-21.2925	3.7575	25
1183	31	-18.7875	3.7575	25
1182	31	-16.2825	3.7575	25
1181	31	-13.7775	3.7575	25
1180	31	-11.2725	3.7575	25
1179	31	11.2725	3.7575	25
1178	31	13.7775	3.7575	25
1177	31	16.2825	3.7575	25
1176	31	18.7875	3.7575	25
1175	31	21.2925	3.7575	25
1174	31	23.7975	3.7575	25
1173	31	26.3025	3.7575	25
1172	31	28.8075	3.7575	25
1171	31	31.3125	3.7575	25
1170	31	33.8175	3.7575	25
1169	31	36.3225	3.7575	25
1168	31	38.8275	3.7575	25
1167	31	41.3325	3.7575	25
1166	31	43.8375	3.7575	25
1165	31	46.3425	3.7575	25
1164	31	48.8475	3.7575	25
1163	31	51.3525	3.7575	25
1162	31	53.8575	3.7575	25
1161	31	56.3625	3.7575	25
1160	31	58.8675	3.7575	25
2501	32	-87.675	7.515	50
2500	32	-82.665	7.515	50
2499	32	-77.655	7.515	50
2498	32	-72.645	7.515	50
2497	32	-67.635	7.515	50
2496	32	-62.625	7.515	50
1239	32	-58.8675	6.2625	25
1238	32	-56.3625	6.2625	25
1237	32	-53.8575	6.2625	25
1236	32	-51.3525	6.2625	25
1235	32	-48.8475	6.2625	25
1234	32	-46.3425	6.2625	25
1233	32	-43.8375	6.2625	25
1232	32	-41.3325	6.2625	25
1231	32	-38.8275	6.2625	25
1230	32	-36.3225	6.2625	25
1229	32	-33.8175	6.2625	25
1228	32	-31.3125	6.2625	25
1227	32	-28.8075	6.2625	25
1226	32	-26.3025	6.2625	25
1225	32	-23.7975	6.2625	25
1224	32	-21.2925	6.2625	25
1223	32	-18.7875	6.2625	25
1222	32	-16.2825	6.2625	25
1221	32	-13.7775	6.2625	25
1220	32	-11.2725	6.2625	25
1219	32	11.2725	6.2625	25
1218	32	13.7775	6.2625	25
1217	32	16.2825	6.2625	25
1216	32	18.7875	6.2625	25
1215	32	21.2925	6.2625	25
1214	32	23.7975	6.2625	25
1213	32	26.3025	6.2625	25
1212	32	28.8075	6.2625	25
1211	32	31.3125	6.2625	25
1210	32	33.8175	6.2625	25
1209	32	36.3225	6.2625	25
1208	32	38.8275	6.2625	25
1207	32	41.3325	6.2625	25
1206	32	43.8375	6.2625	25
1205	32	46.3425	6.2625	25
1204	32	48.8475	6.2625	25
1203	32	51.3525	6.2625	25
1202	32	53.8575	6.2625	25
1201	32	56.3625	6.2625	25
1200	32	58.8675	6.2625	25
2495	32	62.625	7.515	50
2494	32	67.635	7.515	50
2493	32	72.645	7.515	50
2492	32	77.655	7.515	50
2491	32	82.665	7.515	50
2490	32	87.675	7.515	50
1279	33	-58.8675	8.7675	25
1278	33	-56.3625	8.7675	25
1277	33	-53.8575	8.7675	25
1276	33	-51.3525	8.7675	25
1275	33	-48.8475	8.7675	25
1274	33	-46.3425	8.7675	25
1273	33	-43.8375	8.7675	25
1272	33	-41.3325	8.7675	25
1271	33	-38.8275	8.7675	25
1270	33	-36.3225	8.7675	25
1269	33	-33.8175	8.7675	25
1268	33	-31.3125	8.7675	25
1267	33	-28.8075	8.7675	25
1266	33	-26.3025	8.7675	25
1265	33	-23.7975	8.7675	25
1264	33	-21.2925	8.7675	25
1263	33	-18.7875	8.7675	25
1262	33	-16.2825	8.7675	25
1261	33	-13.7775	8.7675	25
1260	33	-11.2725	8.7675	25
1259	33	11.2725	8.7675	25
1258	33	13.7775	8.7675	25
1257	33	16.2825	8.7675	25
1256	33	18.7875	8.7675	25
1255	33	21.2925	8.7675	25
1254	33	23.7975	8.7675	25
1253	33	26.3025	8.7675	25
1252	33	28.8075	8.7675	25
1251	33	31.3125	8.7675	25
1250	33	33.8175	8.7675	25
1249	33	36.3225	8.7675	25
1248	33	38.8275	8.7675	25
1247	33	41.3325	8.7675	25
1246	33	43.8375	8.7675	25
1245	33	46.3425	8.7675	25
1244	33	48.8475	8.7675	25
1243	33	51.3525	8.7675	25
1242	33	53.8575	8.7675	25
1241	33	56.3625	8.7675	25
1240	33	58.8675	8.7675	25
2513	34	-87.675	12.525	50
2512	34	-82.665	12.525	50
2511	34	-77.655	12.525	50
2510	34	-72.645	12.525	50
2509	34	-67.635	12.525	50
2508	34	-62.625	12.525	50
1327	34	-58.8675	11.2725	25
1326	34	-56.3625	11.2725	25
1325	34	-53.8575	11.2725	25
1324	34	-51.3525	11.2725	25
1323	34	-48.8475	11.2725	25
1322	34	-46.3425	11.2725	25
1321	34	-43.8375	11.2725	25
1320	34	-41.3325	11.2725	25
1319	34	-38.8275	11.2725	25
1318	34	-36.3225	11.2725	25
1317	34	-33.8175	11.2725	25
1316	34	-31.3125	11.2725	25
1315	34	-28.8075	11.2725	25
1314	34	-26.3025	11.2725	25
1313	34	-23.7975	11.2725	25
1312	34	-21.2925	11.2725	25
1311	34	-18.7875	11.2725	25
1310	34	-16.2825	11.2725	25
1309	34	-13.7775	11.2725	25
1308	34	-11.2725	11.2725	25
1307	34	-8.7675	11.2725	25
1306	34	-6.2625	11.2725	25
1305	34	-3.7575	11.2725	25
1304	34	-1.2525	11.2725	25
1303	34	1.2525	11.2725	25
1302	34	3.7575	11.2725	25
1301	34	6.2625	11.2725	25
1300	34	8.7675	11.2725	25
1299	34	11.2725	11.2725	25
1298	34	13.7775	11.2725	25
1297	34	16.2825	11.2725	25
1296	34	18.7875	11.2725	25
1295	34	21.2925	11.2725	25
1294	34	23.7975	11.2725	25
1293	34	26.3025	11.2725	25
1292	34	28.8075	11.2725	25
1291	34	31.3125	11.2725	25
1290	34	33.8175	11.2725	25
1289	34	36.3225	11.2725	25
1288	34	38.8275	11.2725	25
1287	34	41.3325	11.2725	25
1286	34	43.8375	11.2725	25
1285	34	46.3425	11.2725	25
1284	34	48.8475	11.2725	25
1283	34	51.3525	11.2725	25
1282	34	53.8575	11.2725	25
1281	34	56.3625	11.2725	25
1280	34	58.8675	11.2725	25
2507	34	62.625	12.525	50
2506	34	67.635	12.525	50
2505	34	72.645	12.525	50
2504	34	77.655	12.525	50
2503	34	82.665	12.525	50
2502	34	87.675	12.525	50
1375	35	-58.8675	13.7775	25
1374	35	-56.3625	13.7775	25
1373	35	-53.8575	13.7775	25
1372	35	-51.3525	13.7775	25
1371	35	-48.8475	13.7775	25
1370	35	-46.3425	13.7775	25
1369	35	-43.8375	13.7775	25
1368	35	-41.3325	13.7775	25
1367	35	-38.8275	13.7775	25
1366	35	-36.3225	13.7775	25
1365	35	-33.8175	13.7775	25
1364	35	-31.3125	13.7775	25
1363	35	-28.8075	13.7775	25
1362	35	-26.3025	13.7775	25
1361	35	-23.7975	13.7775	25
1360	35	-21.2925	13.7775	25
1359	35	-18.7875	13.7775	25
1358	35	-16.2825	13.7775	25
1357	35	-13.7775	13.7775	25
1356	35	-11.2725	13.7775	25
1355	35	-8.7675	13.7775	25
1354	35	-6.2625	13.7775	25
1353	35	-3.7575	13.7775	25
1352	35	-1.2525	13.7775	25
1351	35	1.2525	13.7775	25
1350	35	3.7575	13.7775	25
1349	35	6.2625	13.7775	25
1348	35	8.7675	13.7775	25
1347	35	11.2725	13.7775	25
1346	35	13.7775	13.7775	25
1345	35	16.2825	13.7775	25
1344	35	18.7875	13.7775	25
1343	35	21.2925	13.7775	25
1342	35	23.7975	13.7775	25
1341	35	26.3025	13.7775	25
1340	35	28.8075	13.7775	25
1339	35	31.3125	13.7775	25
1338	35	33.8175	13.7775	25
1337	35	36.3225	13.7775	25
1336	35	38.8275	13.7775	25
1335	35	41.3325	13.7775	25
1334	35	43.8375	13.7775	25
1333	35	46.3425	13.7775	25
1332	35	48.8475	13.7775	25
1331	35	51.3525	13.7775	25
1330	35	53.8575	13.7775	25
1329	35	56.3625	13.7775	25
1328	35	58.8675	13.7775	25
2525	36	-87.675	17.535	50
2524	36	-82.665	17.535	50
2523	36	-77.655	17.535	50
2522	36	-72.645	17.535	50
2521	36	-67.635	17.535	50
2520	36	-62.625	17.535	50
1423	36	-58.8675	16.2825	25
1422	36	-56.3625	16.2825	25
1421	36	-53.8575	16.2825	25
1420	36	-51.3525	16.2825	25
1419	36	-48.8475	16.2825	25
1418	36	-46.3425	16.2825	25
1417	36	-43.8375	16.2825	25
1416	36	-41.3325	16.2825	25
1415	36	-38.8275	16.2825	25
1414	36	-36.3225	16.2825	25
1413	36	-33.8175	16.2825	25
1412	36	-31.3125	16.2825	25
1411	36	-28.8075	16.2825	25
1410	36	-26.3025	16.2825	25
1409	36	-23.7975	16.2825	25
1408	36	-21.2925	16.2825	25
1407	36	-18.7875	16.2825	25
1406	36	-16.2825	16.2825	25
1405	36	-13.7775	16.2825	25
1404	36	-11.2725	16.2825	25
1403	36	-8.7675	16.2825	25
1402	36	-6.2625	16.2825	25
1401	36	-3.7575	16.2825	25
1400	36	-1.2525	16.2825	25
1399	36	1.2525	16.2825	25
1398	36	3.7575	16.2825	25
1397	36	6.2625	16.2825	25
1396	36	8.7675	16.2825	25
1395	36	11.2725	16.2825	25
1394	36	13.7775	16.2825	25
1393	36	16.2825	16.2825	25
1392	36	18.7875	16.2825	25
1391	36	21.2925	16.2825	25
1390	36	23.7975	16.2825	25
1389	36	26.3025	16.2825	25
1388	36	28.8075	16.2825	25
1387	36	31.3125	16.2825	25
1386	36	33.8175	16.2825	25
1385	36	36.3225	16.2825	25
1384	36	38.8275	16.2825	25
1383	36	41.3325	16.2825	25
1382	36	43.8375	16.2825	25
1381	36	46.3425	16.2825	25
1380	36	48.8475	16.2825	25
1379	36	51.3525	16.2825	25
1378	36	53.8575	16.2825	25
1377	36	56.3625	16.2825	25
1376	36	58.8675	16.2825	25
2519	36	62.625	17.535	50
2518	36	67.635	17.535	50
2517	36	72.645	17.535	50
2516	36	77.655	17.535	50
2515	36	82.665	17.535	50
2514	36	87.675	17.535	50
1471	37	-58.8675	18.7875	25
1470	37	-56.3625	18.7875	25
1469	37	-53.8575	18.7875	25
1468	37	-51.3525	18.7875	25
1467	37	-48.8475	18.7875	25
1466	37	-46.3425	18.7875	25
1465	37	-43.8375	18.7875	25
1464	37	-41.3325	18.7875	25
1463	37	-38.8275	18.7875	25
1462	37	-36.3225	18.7875	25
1461	37	-33.8175	18.7875	25
1460	37	-31.3125	18.7875	25
1459	37	-28.8075	18.7875	25
1458	37	-26.3025	18.7875	25
1457	37	-23.7975	18.7875	25
1456	37	-21.2925	18.7875	25
1455	37	-18.7875	18.7875	25
1454	37	-16.2825	18.7875	25
1453	37	-13.7775	18.7875	25
1452	37	-11.2725	18.7875	25
1451	37	-8.7675	18.7875	25
1450	37	-6.2625	18.7875	25
1449	37	-3.7575	18.7875	25
1448	37	-1.2525	18.7875	25
1447	37	1.2525	18.7875	25
1446	37	3.7575	18.7875	25
1445	37	6.2625	18.7875	25
1444	37	8.7675	18.7875	25
1443	37	11.2725	18.7875	25
1442	37	13.7775	18.7875	25
1441	37	16.2825	18.7875	25
1440	37	18.7875	18.7875	25
1439	37	21.2925	18.7875	25
1438	37	23.7975	18.7875	25
1437	37	26.3025	18.7875	25
1436	37	28.8075	18.7875	25
1435	37	31.3125	18.7875	25
1434	37	33.8175	18.7875	25
1433	37	36.3225	18.7875	25
1432	37	38.8275	18.7875	25
1431	37	41.3325	18.7875	25
1430	37	43.8375	18.7875	25
1429	37	46.3425	18.7875	25
1428	37	48.8475	18.7875	25
1427	37	51.3525	18.7875	25
1426	37	53.8575	18.7875	25
1425	37	56.3625	18.7875	25
1424	37	58.8675	18.7875	25
2537	38	-87.675	22.545	50
2536	38	-82.665	22.545	50
2535	38	-77.655	22.545	50
2534	38	-72.645	22.545	50
2533	38	-67.635	22.545	50
2532	38	-62.625	22.545	50
1519	38	-58.8675	21.2925	25
1518	38	-56.3625	21.2925	25
1517	38	-53.8575	21.2925	25
1516	38	-51.3525	21.2925	25
1515	38	-48.8475	21.2925	25
1514	38	-46.3425	21.2925	25
1513	38	-43.8375	21.2925	25
1512	38	-41.3325	21.2925	25
1511	38	-38.8275	21.2925	25
1510	38	-36.3225	21.2925	25
1509	38	-33.8175	21.2925	25
1508	38	-31.3125	21.2925	25
1507	38	-28.8075	21.2925	25
1506	38	-26.3025	21.2925	25
1505	38	-23.7975	21.2925	25
1504	38	-21.2925	21.2925	25
1503	38	-18.7875	21.2925	25
1502	38	-16.2825	21.2925	25
1501	38	-13.7775	21.2925	25
1500	38	-11.2725	21.2925	25
1499	38	-8.7675	21.2925	25
1498	38	-6.2625	21.2925	25
1497	38	-3.7575	21.2925	25
1496	38	-1.2525	21.2925	25
1495	38	1.2525	21.2925	25
1494	38	3.7575	21.2925	25
1493	38	6.2625	21.2925	25
1492	38	8.7675	21.2925	25
1491	38	11.2725	21.2925	25
1490	38	13.7775	21.2925	25
1489	38	16.2825	21.2925	25
1488	38	18.7875	21.2925	25
1487	38	21.2925	21.2925	25
1486	38	23.7975	21.2925	25
1485	38	26.3025	21.2925	25
1484	38	28.8075	21.2925	25
1483	38	31.3125	21.2925	25
1482	38	33.8175	21.2925	25
1481	38	36.3225	21.2925	25
1480	38	38.8275	21.2925	25
1479	38	41.3325	21.2925	25
1478	38	43.8375	21.2925	25
1477	38	46.3425	21.2925	25
1476	38	48.8475	21.2925	25
1475	38	51.3525	21.2925	25
1474	38	53.8575	21.2925	25
1473	38	56.3625	21.2925	25
1472	38	58.8675	21.2925	25
2531	38	62.625	22.545	50
2530	38	67.635	22.545	50
2529	38	72.645	22.545	50
2528	38	77.655	22.545	50
2527	38	82.665	22.545	50
2526	38	87.675	22.545	50
1567	39	-58.8675	23.7975	25
1566	39	-56.3625	23.7975	25
1565	39	-53.8575	23.7975	25
1564	39	-51.3525	23.7975	25
1563	39	-48.8475	23.7975	25
1562	39	-46.3425	23.7975	25
1561	39	-43.8375	23.7975	25
1560	39	-41.3325	23.7975	25
1559	39	-38.8275	23.7975	25
1558	39	-36.3225	23.7975	25
1557	39	-33.8175	23.7975	25
1556	39	-31.3125	23.7975	25
1555	39	-28.8075	23.7975	25
1554	39	-26.3025	23.7975	25
1553	39	-23.7975	23.7975	25
1552	39	-21.2925	23.7975	25
1551	39	-18.7875	23.7975	25
1550	39	-16.2825	23.7975	25
1549	39	-13.7775	23.7975	25
1548	39	-11.2725	23.7975	25
1547	39	-8.7675	23.7975	25
1546	39	-6.2625	23.7975	25
1545	39	-3.7575	23.7975	25
1544	39	-1.2525	23.7975	25
1543	39	1.2525	23.7975	25
1542	39	3.7575	23.7975	25
1541	39	6.2625	23.7975	25
1540	39	8.7675	23.7975	25
1539	39	11.2725	23.7975	25
1538	39	13.7775	23.7975	25
1537	39	16.2825	23.7975	25
1536	39	18.7875	23.7975	25
1535	39	21.2925	23.7975	25
1534	39	23.7975	23.7975	25
1533	39	26.3025	23.7975	25
1532	39	28.8075	23.7975	25
1531	39	31.3125	23.7975	25
1530	39	33.8175	23.7975	25
1529	39	36.3225	23.7975	25
1528	39	38.8275	23.7975	25
1527	39	41.3325	23.7975	25
1526	39	43.8375	23.7975	25
1525	39	46.3425	23.7975	25
1524	39	48.8475	23.7975	25
1523	39	51.3525	23.7975	25
1522	39	53.8575	23.7975	25
1521	39	56.3625	23.7975	25
1520	39	58.8675	23.7975	25
2548	40	-82.665	27.555	50
2547	40	-77.655	27.555	50
2546	40	-72.645	27.555	50
2545	40	-67.635	27.555	50
2544	40	-62.625	27.555	50
1615	40	-58.8675	26.3025	25
1614	40	-56.3625	26.3025	25
1613	40	-53.8575	26.3025	25
1612	40	-51.3525	26.3025	25
1611	40	-48.8475	26.3025	25
1610	40	-46.3425	26.3025	25
1609	40	-43.8375	26.3025	25
1608	40	-41.3325	26.3025	25
1607	40	-38.8275	26.3025	25
1606	40	-36.3225	26.3025	25
1605	40	-33.8175	26.3025	25
1604	40	-31.3125	26.3025	25
1603	40	-28.8075	26.3025	25
1602	40	-26.3025	26.3025	25
1601	40	-23.7975	26.3025	25
1600	40	-21.2925	26.3025	25
1599	40	-18.7875	26.3025	25
1598	40	-16.2825	26.3025	25
1597	40	-13.7775	26.3025	25
1596	40	-11.2725	26.3025	25
1595	40	-8.7675	26.3025	25
1594	40	-6.2625	26.3025	25
1593	40	-3.7575	26.3025	25
1592	40	-1.2525	26.3025	25
1591	40	1.2525	26.3025	25
1590	40	3.7575	26.3025	25
1589	40	6.2625	26.3025	25
1588	40	8.7675	26.3025	25
1587	40	11.2725	26.3025	25
1586	40	13.7775	26.3025	25
1585	40	16.2825	26.3025	25
1584	40	18.7875	26.3025	25
1583	40	21.2925	26.3025	25
1582	40	23.7975	26.3025	25
1581	40	26.3025	26.3025	25
1580	40	28.8075	26.3025	25
1579	40	31.3125	26.3025	25
1578	40	33.8175	26.3025	25
1577	40	36.3225	26.3025	25
1576	40	38.8275	26.3025	25
1575	40	41.3325	26.3025	25
1574	40	43.8375	26.3025	25
1573	40	46.3425	26.3025	25
1572	40	48.8475	26.3025	25
1571	40	51.3525	26.3025	25
1570	40	53.8575	26.3025	25
1569	40	56.3625	26.3025	25
1568	40	58.8675	26.3025	25
2543	40	62.625	27.555	50
2542	40	67.635	27.555	50
2541	40	72.645	27.555	50
2540	40	77.655	27.555	50
2539	40	82.665	27.555	50
1663	41	-58.8675	28.8075	25
1662	41	-56.3625	28.8075	25
1661	41	-53.8575	28.8075	25
1660	41	-51.3525	28.8075	25
1659	41	-48.8475	28.8075	25
1658	41	-46.3425	28.8075	25
1657	41	-43.8375	28.8075	25
1656	41	-41.3325	28.8075	25
1655	41	-38.8275	28.8075	25
1654	41	-36.3225	28.8075	25
1653	41	-33.8175	28.8075	25
1652	41	-31.3125	28.8075	25
1651	41	-28.8075	28.8075	25
1650	41	-26.3025	28.8075	25
1649	41	-23.7975	28.8075	25
1648	41	-21.2925	28.8075	25
1647	41	-18.7875	28.8075	25
1646	41	-16.2825	28.8075	25
1645	41	-13.7775	28.8075	25
1644	41	-11.2725	28.8075	25
1643	41	-8.7675	28.8075	25
1642	41	-6.2625	28.8075	25
1641	41	-3.7575	28.8075	25
1640	41	-1.2525	28.8075	25
1639	41	1.2525	28.8075	25
1638	41	3.7575	28.8075	25
1637	41	6.2625	28.8075	25
1636	41	8.7675	28.8075	25
1635	41	11.2725	28.8075	25
1634	41	13.7775	28.8075	25
1633	41	16.2825	28.8075	25
1632	41	18.7875	28.8075	25
1631	41	21.2925	28.8075	25
1630	41	23.7975	28.8075	25
1629	41	26.3025	28.8075	25
1628	41	28.8075	28.8075	25
1627	41	31.3125	28.8075	25
1626	41	33.8175	28.8075	25
1625	41	36.3225	28.8075	25
1624	41	38.8275	28.8075	25
1623	41	41.3325	28.8075	25
1622	41	43.8375	28.8075	25
1621	41	46.3425	28.8075	25
1620	41	48.8475	28.8075	25
1619	41	51.3525	28.8075	25
1618	41	53.8575	28.8075	25
1617	41	56.3625	28.8075	25
1616	41	58.8675	28.8075	25
2559	42	-82.665	32.565	50
2558	42	-77.655	32.565	50
2557	42	-72.645	32.565	50
2556	42	-67.635	32.565	50
2555	42	-62.625	32.565	50
1711	42	-58.8675	31.3125	25
1710	42	-56.3625	31.3125	25
1709	42	-53.8575	31.3125	25
1708	42	-51.3525	31.3125	25
1707	42	-48.8475	31.3125	25
1706	42	-46.3425	31.3125	25
1705	42	-43.8375	31.3125	25
1704	42	-41.3325	31.3125	25
1703	42	-38.8275	31.3125	25
1702	42	-36.3225	31.3125	25
1701	42	-33.8175	31.3125	25
1700	42	-31.3125	31.3125	25
1699	42	-28.8075	31.3125	25
1698	42	-26.3025	31.3125	25
1697	42	-23.7975	31.3125	25
1696	42	-21.2925	31.3125	25
1695	42	-18.7875	31.3125	25
1694	42	-16.2825	31.3125	25
1693	42	-13.7775	31.3125	25
1692	42	-11.2725	31.3125	25
1691	42	-8.7675	31.3125	25
1690	42	-6.2625	31.3125	25
1689	42	-3.7575	31.3125	25
1688	42	-1.2525	31.3125	25
1687	42	1.2525	31.3125	25
1686	42	3.7575	31.3125	25
1685	42	6.2625	31.3125	25
1684	42	8.7675	31.3125	25
1683	42	11.2725	31.3125	25
1682	42	13.7775	31.3125	25
1681	42	16.2825	31.3125	25
1680	42	18.7875	31.3125	25
1679	42	21.2925	31.3125	25
1678	42	23.7975	31.3125	25
1677	42	26.3025	31.3125	25
1676	42	28.8075	31.3125	25
1675	42	31.3125	31.3125	25
1674	42	33.8175	31.3125	25
1673	42	36.3225	31.3125	25
1672	42	38.8275	31.3125	25
1671	42	41.3325	31.3125	25
1670	42	43.8375	31.3125	25
1669	42	46.3425	31.3125	25
1668	42	48.8475	31.3125	25
1667	42	51.3525	31.3125	25
1666	42	53.8575	31.3125	25
1665	42	56.3625	31.3125	25
1664	42	58.8675	31.3125	25
2554	42	62.625	32.565	50
2553	42	67.635	32.565	50
2552	42	72.645	32.565	50
2551	42	77.655	32.565	50
2550	42	82.665	32.565	50
1759	43	-58.8675	33.8175	25
1758	43	-56.3625	33.8175	25
1757	43	-53.8575	33.8175	25
1756	43	-51.3525	33.8175	25
1755	43	-48.8475	33.8175	25
1754	43	-46.3425	33.8175	25
1753	43	-43.8375	33.8175	25
1752	43	-41.3325	33.8175	25
1751	43	-38.8275	33.8175	25
1750	43	-36.3225	33.8175	25
1749	43	-33.8175	33.8175	25
1748	43	-31.3125	33.8175	25
1747	43	-28.8075	33.8175	25
1746	43	-26.3025	33.8175	25
1745	43	-23.7975	33.8175	25
1744	43	-21.2925	33.8175	25
1743	43	-18.7875	33.8175	25
1742	43	-16.2825	33.8175	25
1741	43	-13.7775	33.8175	25
1740	43	-11.2725	33.8175	25
1739	43	-8.7675	33.8175	25
1738	43	-6.2625	33.8175	25
1737	43	-3.7575	33.8175	25
1736	43	-1.2525	33.8175	25
1735	43	1.2525	33.8175	25
1734	43	3.7575	33.8175	25
1733	43	6.2625	33.8175	25
1732	43	8.7675	33.8175	25
1731	43	11.2725	33.8175	25
1730	43	13.7775	33.8175	25
1729	43	16.2825	33.8175	25
1728	43	18.7875	33.8175	25
1727	43	21.2925	33.8175	25
1726	43	23.7975	33.8175	25
1725	43	26.3025	33.8175	25
1724	43	28.8075	33.8175	25
1723	43	31.3125	33.8175	25
1722	43	33.8175	33.8175	25
1721	43	36.3225	33.8175	25
1720	43	38.8275	33.8175	25
1719	43	41.3325	33.8175	25
1718	43	43.8375	33.8175	25
1717	43	46.3425	33.8175	25
1716	43	48.8475	33.8175	25
1715	43	51.3525	33.8175	25
1714	43	53.8575	33.8175	25
1713	43	56.3625	33.8175	25
1712	43	58.8675	33.8175	25
2568	44	-77.655	37.575	50
2567	44	-72.645	37.575	50
2566	44	-67.635	37.575	50
2565	44	-62.625	37.575	50
1807	44	-58.8675	36.3225	25
1806	44	-56.3625	36.3225	25
1805	44	-53.8575	36.3225	25
1804	44	-51.3525	36.3225	25
1803	44	-48.8475	36.3225	25
1802	44	-46.3425	36.3225	25
1801	44	-43.8375	36.3225	25
1800	44	-41.3325	36.3225	25
1799	44	-38.8275	36.3225	25
1798	44	-36.3225	36.3225	25
1797	44	-33.8175	36.3225	25
1796	44	-31.3125	36.3225	25
1795	44	-28.8075	36.3225	25
1794	44	-26.3025	36.3225	25
1793	44	-23.7975	36.3225	25
1792	44	-21.2925	36.3225	25
1791	44	-18.7875	36.3225	25
1790	44	-16.2825	36.3225	25
1789	44	-13.7775	36.3225	25
1788	44	-11.2725	36.3225	25
1787	44	-8.7675	36.3225	25
1786	44	-6.2625	36.3225	25
1785	44	-3.7575	36.3225	25
1784	44	-1.2525	36.3225	25
1783	44	1.2525	36.3225	25
1782	44	3.7575	36.3225	25
1781	44	6.2625	36.3225	25
1780	44	8.7675	36.3225	25
1779	44	11.2725	36.3225	25
1778	44	13.7775	36.3225	25
1777	44	16.2825	36.3225	25
1776	44	18.7875	36.3225	25
1775	44	21.2925	36.3225	25
1774	44	23.7975	36.3225	25
1773	44	26.3025	36.3225	25
1772	44	28.8075	36.3225	25
1771	44	31.3125	36.3225	25
1770	44	33.8175	36.3225	25
1769	44	36.3225	36.3225	25
1768	44	38.8275	36.3225	25
1767	44	41.3325	36.3225	25
1766	44	43.8375	36.3225	25
1765	44	46.3425	36.3225	25
1764	44	48.8475	36.3225	25
1763	44	51.3525	36.3225	25
1762	44	53.8575	36.3225	25
1761	44	56.3625	36.3225	25
1760	44	58.8675	36.3225	25
2564	44	62.625	37.575	50
2563	44	67.635	37.575	50
2562	44	72.645	37.575	50
2561	44	77.655	37.575	50
1855	45	-58.8675	38.8275	25
1854	45	-56.3625	38.8275	25
1853	45	-53.8575	38.8275	25
1852	45	-51.3525	38.8275	25
1851	45	-48.8475	38.8275	25
1850	45	-46.3425	38.8275	25
1849	45	-43.8375	38.8275	25
1848	45	-41.3325	38.8275	25
1847	45	-38.8275	38.8275	25
1846	45	-36.3225	38.8275	25
1845	45	-33.8175	38.8275	25
1844	45	-31.3125	38.8275	25
1843	45	-28.8075	38.8275	25
1842	45	-26.3025	38.8275	25
1841	45	-23.7975	38.8275	25
1840	45	-21.2925	38.8275	25
1839	45	-18.7875	38.8275	25
1838	45	-16.2825	38.8275	25
1837	45	-13.7775	38.8275	25
1836	45	-11.2725	38.8275	25
1835	45	-8.7675	38.8275	25
1834	45	-6.2625	38.8275	25
1833	45	-3.7575	38.8275	25
1832	45	-1.2525	38.8275	25
1831	45	1.2525	38.8275	25
1830	45	3.7575	38.8275	25
1829	45	6.2625	38.8275	25
1828	45	8.7675	38.8275	25
1827	45	11.2725	38.8275	25
1826	45	13.7775	38.8275	25
1825	45	16.2825	38.8275	25
1824	45	18.7875	38.8275	25
1823	45	21.2925	38.8275	25
1822	45	23.7975	38.8275	25
1821	45	26.3025	38.8275	25
1820	45	28.8075	38.8275	25
1819	45	31.3125	38.8275	25
1818	45	33.8175	38.8275	25
1817	45	36.3225	38.8275	25
1816	45	38.8275	38.8275	25
1815	45	41.3325	38.8275	25
1814	45	43.8375	38.8275	25
1813	45	46.3425	38.8275	25
1812	45	48.8475	38.8275	25
1811	45	51.3525	38.8275	25
1810	45	53.8575	38.8275	25
1809	45	56.3625	38.8275	25
1808	45	58.8675	38.8275	25
2577	46	-77.655	42.585	50
2576	46	-72.645	42.585	50
2575	46	-67.635	42.585	50
2574	46	-62.625	42.585	50
1903	46	-58.8675	41.3325	25
1902	46	-56.3625	41.3325	25
1901	46	-53.8575	41.3325	25
1900	46	-51.3525	41.3325	25
1899	46	-48.8475	41.3325	25
1898	46	-46.3425	41.3325	25
1897	46	-43.8375	41.3325	25
1896	46	-41.3325	41.3325	25
1895	46	-38.8275	41.3325	25
1894	46	-36.3225	41.3325	25
1893	46	-33.8175	41.3325	25
1892	46	-31.3125	41.3325	25
1891	46	-28.8075	41.3325	25
1890	46	-26.3025	41.3325	25
1889	46	-23.7975	41.3325	25
1888	46	-21.2925	41.3325	25
1887	46	-18.7875	41.3325	25
1886	46	-16.2825	41.3325	25
1885	46	-13.7775	41.3325	25
1884	46	-11.2725	41.3325	25
1883	46	-8.7675	41.3325	25
1882	46	-6.2625	41.3325	25
1881	46	-3.7575	41.3325	25
1880	46	-1.2525	41.3325	25
1879	46	1.2525	41.3325	25
1878	46	3.7575	41.3325	25
1877	46	6.2625	41.3325	25
1876	46	8.7675	41.3325	25
1875	46	11.2725	41.3325	25
1874	46	13.7775	41.3325	25
1873	46	16.2825	41.3325	25
1872	46	18.7875	41.3325	25
1871	46	21.2925	41.3325	25
1870	46	23.7975	41.3325	25
1869	46	26.3025	41.3325	25
1868	46	28.8075	41.3325	25
1867	46	31.3125	41.3325	25
1866	46	33.8175	41.3325	25
1865	46	36.3225	41.3325	25
1864	46	38.8275	41.3325	25
1863	46	41.3325	41.3325	25
1862	46	43.8375	41.3325	25
1861	46	46.3425	41.3325	25
1860	46	48.8475	41.3325	25
1859	46	51.3525	41.3325	25
1858	46	53.8575	41.3325	25
1857	46	56.3625	41.3325	25
1856	46	58.8675	41.3325	25
2573	46	62.625	42.585	50
2572	46	67.635	42.585	50
2571	46	72.645	42.585	50
2570	46	77.655	42.585	50
1951	47	-58.8675	43.8375	25
1950	47	-56.3625	43.8375	25
1949	47	-53.8575	43.8375	25
1948	47	-51.3525	43.8375	25
1947	47	-48.8475	43.8375	25
1946	47	-46.3425	43.8375	25
1945	47	-43.8375	43.8375	25
1944	47	-41.3325	43.8375	25
1943	47	-38.8275	43.8375	25
1942	47	-36.3225	43.8375	25
1941	47	-33.8175	43.8375	25
1940	47	-31.3125	43.8375	25
1939	47	-28.8075	43.8375	25
1938	47	-26.3025	43.8375	25
1937	47	-23.7975	43.8375	25
1936	47	-21.2925	43.8375	25
1935	47	-18.7875	43.8375	25
1934	47	-16.2825	43.8375	25
1933	47	-13.7775	43.8375	25
1932	47	-11.2725	43.8375	25
1931	47	-8.7675	43.8375	25
1930	47	-6.2625	43.8375	25
1929	47	-3.7575	43.8375	25
1928	47	-1.2525	43.8375	25
1927	47	1.2525	43.8375	25
1926	47	3.7575	43.8375	25
1925	47	6.2625	43.8375	25
1924	47	8.7675	43.8375	25
1923	47	11.2725	43.8375	25
1922	47	13.7775	43.8375	25
1921	47	16.2825	43.8375	25
1920	47	18.7875	43.8375	25
1919	47	21.2925	43.8375	25
1918	47	23.7975	43.8375	25
1917	47	26.3025	43.8375	25
1916	47	28.8075	43.8375	25
1915	47	31.3125	43.8375	25
1914	47	33.8175	43.8375	25
1913	47	36.3225	43.8375	25
1912	47	38.8275	43.8375	25
1911	47	41.3325	43.8375	25
1910	47	43.8375	43.8375	25
1909	47	46.3425	43.8375	25
1908	47	48.8475	43.8375	25
1907	47	51.3525	43.8375	25
1906	47	53.8575	43.8375	25
1905	47	56.3625	43.8375	25
1904	47	58.8675	43.8375	25
2585	48	-77.655	47.595	50
2584	48	-72.645	47.595	50
2583	48	-67.635	47.595	50
2582	48	-62.625	47.595	50
1999	48	-58.8675	46.3425	25
1998	48	-56.3625	46.3425	25
1997	48	-53.8575	46.3425	25
1996	48	-51.3525	46.3425	25
1995	48	-48.8475	46.3425	25
1994	48	-46.3425	46.3425	25
1993	48	-43.8375	46.3425	25
1992	48	-41.3325	46.3425	25
1991	48	-38.8275	46.3425	25
1990	48	-36.3225	46.3425	25
1989	48	-33.8175	46.3425	25
1988	48	-31.3125	46.3425	25
1987	48	-28.8075	46.3425	25
1986	48	-26.3025	46.3425	25
1985	48	-23.7975	46.3425	25
1984	48	-21.2925	46.3425	25
1983	48	-18.7875	46.3425	25
1982	48	-16.2825	46.3425	25
1981	48	-13.7775	46.3425	25
1980	48	-11.2725	46.3425	25
1979	48	-8.7675	46.3425	25
1978	48	-6.2625	46.3425	25
1977	48	-3.7575	46.3425	25
1976	48	-1.2525	46.3425	25
1975	48	1.2525	46.3425	25
1974	48	3.7575	46.3425	25
1973	48	6.2625	46.3425	25
1972	48	8.7675	46.3425	25
1971	48	11.2725	46.3425	25
1970	48	13.7775	46.3425	25
1969	48	16.2825	46.3425	25
1968	48	18.7875	46.3425	25
1967	48	21.2925	46.3425	25
1966	48	23.7975	46.3425	25
1965	48	26.3025	46.3425	25
1964	48	28.8075	46.3425	25
1963	48	31.3125	46.3425	25
1962	48	33.8175	46.3425	25
1961	48	36.3225	46.3425	25
1960	48	38.8275	46.3425	25
1959	48	41.3325	46.3425	25
1958	48	43.8375	46.3425	25
1957	48	46.3425	46.3425	25
1956	48	48.8475	46.3425	25
1955	48	51.3525	46.3425	25
1954	48	53.8575	46.3425	25
1953	48	56.3625	46.3425	25
1952	48	58.8675	46.3425	25
2581	48	62.625	47.595	50
2580	48	67.635	47.595	50
2579	48	72.645	47.595	50
2578	48	77.655	47.595	50
2047	49	-58.8675	48.8475	25
2046	49	-56.3625	48.8475	25
2045	49	-53.8575	48.8475	25
2044	49	-51.3525	48.8475	25
2043	49	-48.8475	48.8475	25
2042	49	-46.3425	48.8475	25
2041	49	-43.8375	48.8475	25
2040	49	-41.3325	48.8475	25
2039	49	-38.8275	48.8475	25
2038	49	-36.3225	48.8475	25
2037	49	-33.8175	48.8475	25
2036	49	-31.3125	48.8475	25
2035	49	-28.8075	48.8475	25
2034	49	-26.3025	48.8475	25
2033	49	-23.7975	48.8475	25
2032	49	-21.2925	48.8475	25
2031	49	-18.7875	48.8475	25
2030	49	-16.2825	48.8475	25
2029	49	-13.7775	48.8475	25
2028	49	-11.2725	48.8475	25
2027	49	-8.7675	48.8475	25
2026	49	-6.2625	48.8475	25
2025	49	-3.7575	48.8475	25
2024	49	-1.2525	48.8475	25
2023	49	1.2525	48.8475	25
2022	49	3.7575	48.8475	25
2021	49	6.2625	48.8475	25
2020	49	8.7675	48.8475	25
2019	49	11.2725	48.8475	25
2018	49	13.7775	48.8475	25
2017	49	16.2825	48.8475	25
2016	49	18.7875	48.8475	25
2015	49	21.2925	48.8475	25
2014	49	23.7975	48.8475	25
2013	49	26.3025	48.8475	25
2012	49	28.8075	48.8475	25
2011	49	31.3125	48.8475	25
2010	49	33.8175	48.8475	25
2009	49	36.3225	48.8475	25
2008	49	38.8275	48.8475	25
2007	49	41.3325	48.8475	25
2006	49	43.8375	48.8475	25
2005	49	46.3425	48.8475	25
2004	49	48.8475	48.8475	25
2003	49	51.3525	48.8475	25
2002	49	53.8575	48.8475	25
2001	49	56.3625	48.8475	25
2000	49	58.8675	48.8475	25
2591	50	-72.645	52.605	50
2590	50	-67.635	52.605	50
2589	50	-62.625	52.605	50
2095	50	-58.8675	51.3525	25
2094	50	-56.3625	51.3525	25
2093	50	-53.8575	51.3525	25
2092	50	-51.3525	51.3525	25
2091	50	-48.8475	51.3525	25
2090	50	-46.3425	51.3525	25
2089	50	-43.8375	51.3525	25
2088	50	-41.3325	51.3525	25
2087	50	-38.8275	51.3525	25
2086	50	-36.3225	51.3525	25
2085	50	-33.8175	51.3525	25
2084	50	-31.3125	51.3525	25
2083	50	-28.8075	51.3525	25
2082	50	-26.3025	51.3525	25
2081	50	-23.7975	51.3525	25
2080	50	-21.2925	51.3525	25
2079	50	-18.7875	51.3525	25
2078	50	-16.2825	51.3525	25
2077	50	-13.7775	51.3525	25
2076	50	-11.2725	51.3525	25
2075	50	-8.7675	51.3525	25
2074	50	-6.2625	51.3525	25
2073	50	-3.7575	51.3525	25
2072	50	-1.2525	51.3525	25
2071	50	1.2525	51.3525	25
2070	50	3.7575	51.3525	25
2069	50	6.2625	51.3525	25
2068	50	8.7675	51.3525	25
2067	50	11.2725	51.3525	25
2066	50	13.7775	51.3525	25
2065	50	16.2825	51.3525	25
2064	50	18.7875	51.3525	25
2063	50	21.2925	51.3525	25
2062	50	23.7975	51.3525	25
2061	50	26.3025	51.3525	25
2060	50	28.8075	51.3525	25
2059	50	31.3125	51.3525	25
2058	50	33.8175	51.3525	25
2057	50	36.3225	51.3525	25
2056	50	38.8275	51.3525	25
2055	50	41.3325	51.3525	25
2054	50	43.8375	51.3525	25
2053	50	46.3425	51.3525	25
2052	50	48.8475	51.3525	25
2051	50	51.3525	51.3525	25
2050	50	53.8575	51.3525	25
2049	50	56.3625	51.3525	25
2048	50	58.8675	51.3525	25
2588	50	62.625	52.605	50
2587	50	67.635	52.605	50
2586	50	72.645	52.605	50
2143	51	-58.8675	53.8575	25
2142	51	-56.3625	53.8575	25
2141	51	-53.8575	53.8575	25
2140	51	-51.3525	53.8575	25
2139	51	-48.8475	53.8575	25
2138	51	-46.3425	53.8575	25
2137	51	-43.8375	53.8575	25
2136	51	-41.3325	53.8575	25
2135	51	-38.8275	53.8575	25
2134	51	-36.3225	53.8575	25
2133	51	-33.8175	53.8575	25
2132	51	-31.3125	53.8575	25
2131	51	-28.8075	53.8575	25
2130	51	-26.3025	53.8575	25
2129	51	-23.7975	53.8575	25
2128	51	-21.2925	53.8575	25
2127	51	-18.7875	53.8575	25
2126	51	-16.2825	53.8575	25
2125	51	-13.7775	53.8575	25
2124	51	-11.2725	53.8575	25
2123	51	-8.7675	53.8575	25
2122	51	-6.2625	53.8575	25
2121	51	-3.7575	53.8575	25
2120	51	-1.2525	53.8575	25
2119	51	1.2525	53.8575	25
2118	51	3.7575	53.8575	25
2117	51	6.2625	53.8575	25
2116	51	8.7675	53.8575	25
2115	51	11.2725	53.8575	25
2114	51	13.7775	53.8575	25
2113	51	16.2825	53.8575	25
2112	51	18.7875	53.8575	25
2111	51	21.2925	53.8575	25
2110	51	23.7975	53.8575	25
2109	51	26.3025	53.8575	25
2108	51	28.8075	53.8575	25
2107	51	31.3125	53.8575	25
2106	51	33.8175	53.8575	25
2105	51	36.3225	53.8575	25
2104	51	38.8275	53.8575	25
2103	51	41.3325	53.8575	25
2102	51	43.8375	53.8575	25
2101	51	46.3425	53.8575	25
2100	51	48.8475	53.8575	25
2099	51	51.3525	53.8575	25
2098	51	53.8575	53.8575	25
2097	51	56.3625	53.8575	25
2096	51	58.8675	53.8575	25
2595	52	-67.635	57.615	50
2594	52	-62.625	57.615	50
2191	52	-58.8675	56.3625	25
2190	52	-56.3625	56.3625	25
2189	52	-53.8575	56.3625	25
2188	52	-51.3525	56.3625	25
2187	52	-48.8475	56.3625	25
2186	52	-46.3425	56.3625	25
2185	52	-43.8375	56.3625	25
2184	52	-41.3325	56.3625	25
2183	52	-38.8275	56.3625	25
2182	52	-36.3225	56.3625	25
2181	52	-33.8175	56.3625	25
2180	52	-31.3125	56.3625	25
2179	52	-28.8075	56.3625	25
2178	52	-26.3025	56.3625	25
2177	52	-23.7975	56.3625	25
2176	52	-21.2925	56.3625	25
2175	52	-18.7875	56.3625	25
2174	52	-16.2825	56.3625	25
2173	52	-13.7775	56.3625	25
2172	52	-11.2725	56.3625	25
2171	52	-8.7675	56.3625	25
2170	52	-6.2625	56.3625	25
2169	52	-3.7575	56.3625	25
2168	52	-1.2525	56.3625	25
2167	52	1.2525	56.3625	25
2166	52	3.7575	56.3625	25
2165	52	6.2625	56.3625	25
2164	52	8.7675	56.3625	25
2163	52	11.2725	56.3625	25
2162	52	13.7775	56.3625	25
2161	52	16.2825	56.3625	25
2160	52	18.7875	56.3625	25
2159	52	21.2925	56.3625	25
2158	52	23.7975	56.3625	25
2157	52	26.3025	56.3625	25
2156	52	28.8075	56.3625	25
2155	52	31.3125	56.3625	25
2154	52	33.8175	56.3625	25
2153	52	36.3225	56.3625	25
2152	52	38.8275	56.3625	25
2151	52	41.3325	56.3625	25
2150	52	43.8375	56.3625	25
2149	52	46.3425	56.3625	25
2148	52	48.8475	56.3625	25
2147	52	51.3525	56.3625	25
2146	52	53.8575	56.3625	25
2145	52	56.3625	56.3625	25
2144	52	58.8675	56.3625	25
2593	52	62.625	57.615	50
2592	52	67.635	57.615	50
2239	53	-58.8675	58.8675	25
2238	53	-56.3625	58.8675	25
2237	53	-53.8575	58.8675	25
2236	53	-51.3525	58.8675	25
2235	53	-48.8475	58.8675	25
2234	53	-46.3425	58.8675	25
2233	53	-43.8375	58.8675	25
2232	53	-41.3325	58.8675	25
2231	53	-38.8275	58.8675	25
2230	53	-36.3225	58.8675	25
2229	53	-33.8175	58.8675	25
2228	53	-31.3125	58.8675	25
2227	53	-28.8075	58.8675	25
2226	53	-26.3025	58.8675	25
2225	53	-23.7975	58.8675	25
2224	53	-21.2925	58.8675	25
2223	53	-18.7875	58.8675	25
2222	53	-16.2825	58.8675	25
2221	53	-13.7775	58.8675	25
2220	53	-11.2725	58.8675	25
2219	53	-8.7675	58.8675	25
2218	53	-6.2625	58.8675	25
2217	53	-3.7575	58.8675	25
2216	53	-1.2525	58.8675	25
2215	53	1.2525	58.8675	25
2214	53	3.7575	58.8675	25
2213	53	6.2625	58.8675	25
2212	53	8.7675	58.8675	25
2211	53	11.2725	58.8675	25
2210	53	13.7775	58.8675	25
2209	53	16.2825	58.8675	25
2208	53	18.7875	58.8675	25
2207	53	21.2925	58.8675	25
2206	53	23.7975	58.8675	25
2205	53	26.3025	58.8675	25
2204	53	28.8075	58.8675	25
2203	53	31.3125	58.8675	25
2202	53	33.8175	58.8675	25
2201	53	36.3225	58.8675	25
2200	53	38.8275	58.8675	25
2199	53	41.3325	58.8675	25
2198	53	43.8375	58.8675	25
2197	53	46.3425	58.8675	25
2196	53	48.8475	58.8675	25
2195	53	51.3525	58.8675	25
2194	53	53.8575	58.8675	25
2193	53	56.3625	58.8675	25
2192	53	58.8675	58.8675	25
2621	54	-62.625	62.625	50
2620	54	-57.615	62.625	50
2619	54	-52.605	62.625	50
2618	54	-47.595	62.625	50
2617	54	-42.585	62.625	50
2616	54	-37.575	62.625	50
2615	54	-32.565	62.625	50
2614	54	-27.555	62.625	50
2613	54	-22.545	62.625	50
2612	54	-17.535	62.625	50
2611	54	-12.525	62.625	50
2610	54	-7.515	62.625	50
2609	54	-2.505	62.625	50
2608	54	2.505	62.625	50
2607	54	7.515	62.625	50
2606	54	12.525	62.625	50
2605	54	17.535	62.625	50
2604	54	22.545	62.625	50
2603	54	27.555	62.625	50
2602	54	32.565	62.625	50
2601	54	37.575	62.625	50
2600	54	42.585	62.625	50
2599	54	47.595	62.625	50
2598	54	52.605	62.625	50
2597	54	57.615	62.625	50
2596	54	62.625	62.625	50
2645	55	-57.615	67.635	50
2644	55	-52.605	67.635	50
2643	55	-47.595	67.635	50
2642	55	-42.585	67.635	50
2641	55	-37.575	67.635	50
2640	55	-32.565	67.635	50
2639	55	-27.555	67.635	50
2638	55	-22.545	67.635	50
2637	55	-17.535	67.635	50
2636	55	-12.525	67.635	50
2635	55	-7.515	67.635	50
2634	55	-2.505	67.635	50
2633	55	2.505	67.635	50
2632	55	7.515	67.635	50
2631	55	12.525	67.635	50
2630	55	17.535	67.635	50
2629	55	22.545	67.635	50
2628	55	27.555	67.635	50
2627	55	32.565	67.635	50
2626	55	37.575	67.635	50
2625	55	42.585	67.635	50
2624	55	47.595	67.635	50
2623	55	52.605	67.635	50
2622	55	57.615	67.635	50
2667	56	-52.605	72.645	50
2666	56	-47.595	72.645	50
2665	56	-42.585	72.645	50
2664	56	-37.575	72.645	50
2663	56	-32.565	72.645	50
2662	56	-27.555	72.645	50
2661	56	-22.545	72.645	50
2660	56	-17.535	72.645	50
2659	56	-12.525	72.645	50
2658	56	-7.515	72.645	50
2657	56	-2.505	72.645	50
2656	56	2.505	72.645	50
2655	56	7.515	72.645	50
2654	56	12.525	72.645	50
2653	56	17.535	72.645	50
2652	56	22.545	72.645	50
2651	56	27.555	72.645	50
2650	56	32.565	72.645	50
2649	56	37.575	72.645	50
2648	56	42.585	72.645	50
2647	56	47.595	72.645	50
2646	56	52.605	72.645	50
2687	57	-47.595	77.655	50
2686	57	-42.585	77.655	50
2685	57	-37.575	77.655	50
2684	57	-32.565	77.655	50
2683	57	-27.555	77.655	50
2682	57	-22.545	77.655	50
2681	57	-17.535	77.655	50
2680	57	-12.525	77.655	50
2679	57	-7.515	77.655	50
2678	57	-2.505	77.655	50
2677	57	2.505	77.655	50
2676	57	7.515	77.655	50
2675	57	12.525	77.655	50
2674	57	17.535	77.655	50
2673	57	22.545	77.655	50
2672	57	27.555	77.655	50
2671	57	32.565	77.655	50
2670	57	37.575	77.655	50
2669	57	42.585	77.655	50
2668	57	47.595	77.655	50
2699	58	-17.535	82.665	50
2698	58	-12.525	82.665	50
2697	58	-7.515	82.665	50
2696	58	-2.505	82.665	50
2695	58	2.505	82.665	50
2694	58	7.515	82.665	50
2693	58	12.525	82.665	50
2692	58	17.535	82.665	50
2691	58	22.545	82.665	50
2690	58	27.555	82.665	50
2689	58	32.565	82.665	50
2703	59	-37.575	82.665	50
2702	59	-32.565	82.665	50
2701	59	-27.555	82.665	50
2715	59	-27.555	87.675	50
2700	59	-22.545	82.665	50
2714	59	-22.545	87.675	50
2713	59	-17.535	87.675	50
2712	59	-12.525	87.675	50
2711	59	-7.515	87.675	50
2710	59	-2.505	87.675	50
2709	59	2.505	87.675	50
2708	59	7.515	87.675	50
2707	59	12.525	87.675	50
2706	59	17.535	87.675	50
2705	59	22.545	87.675	50
2704	59	27.555	87.675	50
