-1	2240	-1	275.55	-876.75	50
-1	2251	-1	-275.55	-876.75	50
-1	2252	-1	375.75	-826.65	50
-1	2267	-1	-375.75	-826.65	50
-1	2386	-1	826.65	-375.75	50
-1	2395	-1	-826.65	-375.75	50
-1	2406	-1	876.75	-275.55	50
-1	2417	-1	-876.75	-275.55	50
-1	2538	-1	876.75	275.55	50
-1	2549	-1	-876.75	275.55	50
-1	2560	-1	826.65	375.75	50
-1	2569	-1	-826.65	375.75	50
-1	2688	-1	375.75	826.65	50
-1	2703	-1	-375.75	826.65	50
-1	2704	-1	275.55	876.75	50
-1	2715	-1	-275.55	876.75	50
0	2241	2806	225.45	-876.75	50
0	2242	795	175.35	-876.75	50
0	2243	721	125.25	-876.75	50
0	2244	1641	75.15	-876.75	50
0	2245	712	25.05	-876.75	50
0	2246	2210	-25.05	-876.75	50
0	2247	904	-75.15	-876.75	50
0	2248	1903	-125.25	-876.75	50
0	2249	299	-175.35	-876.75	50
0	2250	1014	-225.45	-876.75	50
1	2253	2917	325.65	-826.65	50
1	2254	3070	275.55	-826.65	50
1	2255	569	225.45	-826.65	50
1	2256	2762	175.35	-826.65	50
1	2257	1637	125.25	-826.65	50
1	2258	416	75.15	-826.65	50
1	2259	269	25.05	-826.65	50
1	2260	615	-25.05	-826.65	50
1	2261	533	-75.15	-826.65	50
1	2262	484	-125.25	-826.65	50
1	2263	2076	-175.35	-826.65	50
1	2264	2518	-225.45	-826.65	50
1	2265	3067	-275.55	-826.65	50
1	2266	574	-325.65	-826.65	50
2	2268	2632	475.95	-776.55	50
2	2269	2974	425.85	-776.55	50
2	2270	2817	375.75	-776.55	50
2	2271	2506	325.65	-776.55	50
2	2272	3291	275.55	-776.55	50
2	2273	1940	225.45	-776.55	50
2	2274	2315	175.35	-776.55	50
2	2275	2055	125.25	-776.55	50
2	2276	1092	75.15	-776.55	50
2	2277	1697	25.05	-776.55	50
2	2278	340	-25.05	-776.55	50
2	2279	2949	-75.15	-776.55	50
2	2280	1965	-125.25	-776.55	50
2	2281	1296	-175.35	-776.55	50
2	2282	1652	-225.45	-776.55	50
2	2283	2211	-275.55	-776.55	50
2	2284	1295	-325.65	-776.55	50
2	2285	732	-375.75	-776.55	50
2	2286	2169	-425.85	-776.55	50
2	2287	2775	-475.95	-776.55	50
3	2288	2920	526.05	-726.45	50
3	2289	1032	475.95	-726.45	50
3	2290	382	425.85	-726.45	50
3	2291	1163	375.75	-726.45	50
3	2292	3297	325.65	-726.45	50
3	2293	1085	275.55	-726.45	50
3	2294	2298	225.45	-726.45	50
3	2295	2882	175.35	-726.45	50
3	2296	3011	125.25	-726.45	50
3	2297	455	75.15	-726.45	50
3	2298	796	25.05	-726.45	50
3	2299	2321	-25.05	-726.45	50
3	2300	543	-75.15	-726.45	50
3	2301	3068	-125.25	-726.45	50
3	2302	208	-175.35	-726.45	50
3	2303	339	-225.45	-726.45	50
3	2304	1743	-275.55	-726.45	50
3	2305	2742	-325.65	-726.45	50
3	2306	2387	-375.75	-726.45	50
3	2307	3014	-425.85	-726.45	50
3	2308	968	-475.95	-726.45	50
3	2309	2301	-526.05	-726.45	50
4	2310	3416	576.15	-676.35	50
4	2311	792	526.05	-676.35	50
4	2312	1162	475.95	-676.35	50
4	2313	1518	425.85	-676.35	50
4	2314	2174	375.75	-676.35	50
4	2315	457	325.65	-676.35	50
4	2316	1535	275.55	-676.35	50
4	2317	481	225.45	-676.35	50
4	2318	3406	175.35	-676.35	50
4	2319	1634	125.25	-676.35	50
4	2320	2874	75.15	-676.35	50
4	2321	3256	25.05	-676.35	50
4	2322	610	-25.05	-676.35	50
4	2323	911	-75.15	-676.35	50
4	2324	1538	-125.25	-676.35	50
4	2325	1022	-175.35	-676.35	50
4	2326	2351	-225.45	-676.35	50
4	2327	3419	-275.55	-676.35	50
4	2328	3281	-325.65	-676.35	50
4	2329	3407	-375.75	-676.35	50
4	2330	1336	-425.85	-676.35	50
4	2331	725	-475.95	-676.35	50
4	2332	2461	-526.05	-676.35	50
4	2333	3294	-576.15	-676.35	50
5	2334	3268	626.25	-626.25	50
5	2335	3410	576.15	-626.25	50
5	2336	1091	526.05	-626.25	50
5	2337	3061	475.95	-626.25	50
5	2338	1343	425.85	-626.25	50
5	2339	1532	375.75	-626.25	50
5	2340	726	325.65	-626.25	50
5	2341	2743	275.55	-626.25	50
5	2342	1083	225.45	-626.25	50
5	2343	1087	175.35	-626.25	50
5	2344	2307	125.25	-626.25	50
5	2345	627	75.15	-626.25	50
5	2346	2492	25.05	-626.25	50
5	2347	2459	-25.05	-626.25	50
5	2348	1904	-75.15	-626.25	50
5	2349	1481	-125.25	-626.25	50
5	2350	914	-175.35	-626.25	50
5	2351	2564	-225.45	-626.25	50
5	2352	1916	-275.55	-626.25	50
5	2353	1062	-325.65	-626.25	50
5	2354	575	-375.75	-626.25	50
5	2355	582	-425.85	-626.25	50
5	2356	408	-475.95	-626.25	50
5	2357	3142	-526.05	-626.25	50
5	2358	407	-576.15	-626.25	50
5	2359	3063	-626.25	-626.25	50
6	0	1364	588.675	-588.675	25
6	1	1425	563.625	-588.675	25
6	2	2828	538.575	-588.675	25
6	3	2350	513.525	-588.675	25
6	4	3310	488.475	-588.675	25
6	5	2596	463.425	-588.675	25
6	6	1266	438.375	-588.675	25
6	7	167	413.325	-588.675	25
6	8	3519	388.275	-588.675	25
6	9	2341	363.225	-588.675	25
6	10	1826	338.175	-588.675	25
6	11	2594	313.125	-588.675	25
6	12	765	288.075	-588.675	25
6	13	3171	263.025	-588.675	25
6	14	2495	237.975	-588.675	25
6	15	1757	212.925	-588.675	25
6	16	2522	187.875	-588.675	25
6	17	1228	162.825	-588.675	25
6	18	396	137.775	-588.675	25
6	19	80	112.725	-588.675	25
6	20	3097	87.675	-588.675	25
6	21	1256	62.625	-588.675	25
6	22	2115	37.575	-588.675	25
6	23	144	12.525	-588.675	25
6	24	2226	-12.525	-588.675	25
6	25	280	-37.575	-588.675	25
6	26	82	-62.625	-588.675	25
6	27	1822	-87.675	-588.675	25
6	28	1073	-112.725	-588.675	25
6	29	2999	-137.775	-588.675	25
6	30	596	-162.825	-588.675	25
6	31	1397	-187.875	-588.675	25
6	32	143	-212.925	-588.675	25
6	33	1549	-237.975	-588.675	25
6	34	1320	-263.025	-588.675	25
6	35	2346	-288.075	-588.675	25
6	36	86	-313.125	-588.675	25
6	37	1973	-338.175	-588.675	25
6	38	1253	-363.225	-588.675	25
6	39	2126	-388.275	-588.675	25
6	40	1047	-413.325	-588.675	25
6	41	2238	-438.375	-588.675	25
6	42	1725	-463.425	-588.675	25
6	43	999	-488.475	-588.675	25
6	44	1198	-513.525	-588.675	25
6	45	2088	-538.575	-588.675	25
6	46	1251	-563.625	-588.675	25
6	47	936	-588.675	-588.675	25
6	2360	544	676.35	-576.15	50
6	2361	1784	626.25	-576.15	50
6	2362	787	-626.25	-576.15	50
6	2363	903	-676.35	-576.15	50
7	48	1610	588.675	-563.625	25
7	49	1394	563.625	-563.625	25
7	50	260	538.575	-563.625	25
7	51	2347	513.525	-563.625	25
7	52	2048	488.475	-563.625	25
7	53	201	463.425	-563.625	25
7	54	2555	438.375	-563.625	25
7	55	894	413.325	-563.625	25
7	56	2262	388.275	-563.625	25
7	57	1034	363.225	-563.625	25
7	58	923	338.175	-563.625	25
7	59	3135	313.125	-563.625	25
7	60	1252	288.075	-563.625	25
7	61	148	263.025	-563.625	25
7	62	187	237.975	-563.625	25
7	63	3203	212.925	-563.625	25
7	64	681	187.875	-563.625	25
7	65	3321	162.825	-563.625	25
7	66	554	137.775	-563.625	25
7	67	462	112.725	-563.625	25
7	68	1598	87.675	-563.625	25
7	69	304	62.625	-563.625	25
7	70	1273	37.575	-563.625	25
7	71	3539	12.525	-563.625	25
7	72	52	-12.525	-563.625	25
7	73	1823	-37.575	-563.625	25
7	74	1254	-62.625	-563.625	25
7	75	1321	-87.675	-563.625	25
7	76	1474	-112.725	-563.625	25
7	77	1304	-137.775	-563.625	25
7	78	2134	-162.825	-563.625	25
7	79	3331	-187.875	-563.625	25
7	80	330	-212.925	-563.625	25
7	81	2890	-237.975	-563.625	25
7	82	2786	-263.025	-563.625	25
7	83	1797	-288.075	-563.625	25
7	84	2585	-313.125	-563.625	25
7	85	1151	-338.175	-563.625	25
7	86	88	-363.225	-563.625	25
7	87	301	-388.275	-563.625	25
7	88	3002	-413.325	-563.625	25
7	89	3320	-438.375	-563.625	25
7	90	89	-463.425	-563.625	25
7	91	1688	-488.475	-563.625	25
7	92	1363	-513.525	-563.625	25
7	93	3494	-538.575	-563.625	25
7	94	2827	-563.625	-563.625	25
7	95	838	-588.675	-563.625	25
8	96	2718	588.675	-538.575	25
8	97	3440	563.625	-538.575	25
8	98	1389	538.575	-538.575	25
8	99	1179	513.525	-538.575	25
8	100	2720	488.475	-538.575	25
8	101	1455	463.425	-538.575	25
8	102	1702	438.375	-538.575	25
8	103	1853	413.325	-538.575	25
8	104	2128	388.275	-538.575	25
8	105	692	363.225	-538.575	25
8	106	3005	338.175	-538.575	25
8	107	3469	313.125	-538.575	25
8	108	1230	288.075	-538.575	25
8	109	1545	263.025	-538.575	25
8	110	706	237.975	-538.575	25
8	111	2295	212.925	-538.575	25
8	112	120	187.875	-538.575	25
8	113	2716	162.825	-538.575	25
8	114	2698	137.775	-538.575	25
8	115	1491	112.725	-538.575	25
8	116	119	87.675	-538.575	25
8	117	3201	62.625	-538.575	25
8	118	2707	37.575	-538.575	25
8	119	2376	12.525	-538.575	25
8	120	56	-12.525	-538.575	25
8	121	2577	-37.575	-538.575	25
8	122	3328	-62.625	-538.575	25
8	123	2168	-87.675	-538.575	25
8	124	1778	-112.725	-538.575	25
8	125	684	-137.775	-538.575	25
8	126	2729	-162.825	-538.575	25
8	127	2840	-187.875	-538.575	25
8	128	1858	-212.925	-538.575	25
8	129	1250	-237.975	-538.575	25
8	130	3437	-263.025	-538.575	25
8	131	1282	-288.075	-538.575	25
8	132	1499	-313.125	-538.575	25
8	133	2222	-338.175	-538.575	25
8	134	321	-363.225	-538.575	25
8	135	2528	-388.275	-538.575	25
8	136	2987	-413.325	-538.575	25
8	137	2164	-438.375	-538.575	25
8	138	1146	-463.425	-538.575	25
8	139	1896	-488.475	-538.575	25
8	140	854	-513.525	-538.575	25
8	141	3330	-538.575	-538.575	25
8	142	865	-563.625	-538.575	25
8	143	683	-588.675	-538.575	25
8	2364	3485	726.45	-526.05	50
8	2365	3365	676.35	-526.05	50
8	2366	3444	626.25	-526.05	50
8	2367	1659	-626.25	-526.05	50
8	2368	2983	-676.35	-526.05	50
8	2369	242	-726.45	-526.05	50
9	144	3323	588.675	-513.525	25
9	145	2751	563.625	-513.525	25
9	146	515	538.575	-513.525	25
9	147	3184	513.525	-513.525	25
9	148	2149	488.475	-513.525	25
9	149	116	463.425	-513.525	25
9	150	3386	438.375	-513.525	25
9	151	1475	413.325	-513.525	25
9	152	2558	388.275	-513.525	25
9	153	1212	363.225	-513.525	25
9	154	3329	338.175	-513.525	25
9	155	1223	313.125	-513.525	25
9	156	3379	288.075	-513.525	25
9	157	3436	263.025	-513.525	25
9	158	3188	237.975	-513.525	25
9	159	1807	212.925	-513.525	25
9	160	1224	187.875	-513.525	25
9	161	1512	162.825	-513.525	25
9	162	1467	137.775	-513.525	25
9	163	3178	112.725	-513.525	25
9	164	678	87.675	-513.525	25
9	165	1264	62.625	-513.525	25
9	166	2221	37.575	-513.525	25
9	167	351	12.525	-513.525	25
9	168	2336	-12.525	-513.525	25
9	169	1458	-37.575	-513.525	25
9	170	514	-62.625	-513.525	25
9	171	2488	-87.675	-513.525	25
9	172	518	-112.725	-513.525	25
9	173	3200	-137.775	-513.525	25
9	174	528	-162.825	-513.525	25
9	175	1234	-187.875	-513.525	25
9	176	2473	-212.925	-513.525	25
9	177	686	-237.975	-513.525	25
9	178	3003	-263.025	-513.525	25
9	179	2986	-288.075	-513.525	25
9	180	3326	-313.125	-513.525	25
9	181	1551	-338.175	-513.525	25
9	182	3332	-363.225	-513.525	25
9	183	2727	-388.275	-513.525	25
9	184	2589	-413.325	-513.525	25
9	185	3182	-438.375	-513.525	25
9	186	856	-463.425	-513.525	25
9	187	2452	-488.475	-513.525	25
9	188	3380	-513.525	-513.525	25
9	189	1468	-538.575	-513.525	25
9	190	1381	-563.625	-513.525	25
9	191	335	-588.675	-513.525	25
10	192	2377	588.675	-488.475	25
10	193	1561	563.625	-488.475	25
10	194	1987	538.575	-488.475	25
10	195	1816	513.525	-488.475	25
10	196	1868	488.475	-488.475	25
10	197	2122	463.425	-488.475	25
10	198	2120	438.375	-488.475	25
10	199	1281	413.325	-488.475	25
10	200	2166	388.275	-488.475	25
10	201	450	363.225	-488.475	25
10	202	2985	338.175	-488.475	25
10	203	1213	313.125	-488.475	25
10	204	2712	288.075	-488.475	25
10	205	2150	263.025	-488.475	25
10	206	2144	237.975	-488.475	25
10	207	2148	212.925	-488.475	25
10	208	1454	187.875	-488.475	25
10	209	113	162.825	-488.475	25
10	210	2129	137.775	-488.475	25
10	211	1222	112.725	-488.475	25
10	212	1862	87.675	-488.475	25
10	213	1592	62.625	-488.475	25
10	214	2872	37.575	-488.475	25
10	215	2456	12.525	-488.475	25
10	216	1992	-12.525	-488.475	25
10	217	2447	-37.575	-488.475	25
10	218	2330	-62.625	-488.475	25
10	219	890	-87.675	-488.475	25
10	220	667	-112.725	-488.475	25
10	221	2446	-137.775	-488.475	25
10	222	2145	-162.825	-488.475	25
10	223	2045	-187.875	-488.475	25
10	224	656	-212.925	-488.475	25
10	225	1316	-237.975	-488.475	25
10	226	1829	-263.025	-488.475	25
10	227	672	-288.075	-488.475	25
10	228	2448	-313.125	-488.475	25
10	229	2142	-338.175	-488.475	25
10	230	1924	-363.225	-488.475	25
10	231	2224	-388.275	-488.475	25
10	232	329	-413.325	-488.475	25
10	233	1503	-438.375	-488.475	25
10	234	665	-463.425	-488.475	25
10	235	1361	-488.475	-488.475	25
10	236	2147	-513.525	-488.475	25
10	237	2143	-538.575	-488.475	25
10	238	673	-563.625	-488.475	25
10	239	2113	-588.675	-488.475	25
10	2370	866	776.55	-475.95	50
10	2371	654	726.45	-475.95	50
10	2372	1877	676.35	-475.95	50
10	2373	885	626.25	-475.95	50
10	2374	1577	-626.25	-475.95	50
10	2375	1882	-676.35	-475.95	50
10	2376	1410	-726.45	-475.95	50
10	2377	653	-776.55	-475.95	50
11	240	660	588.675	-463.425	25
11	241	2711	563.625	-463.425	25
11	242	1814	538.575	-463.425	25
11	243	2152	513.525	-463.425	25
11	244	50	488.475	-463.425	25
11	245	2162	463.425	-463.425	25
11	246	657	438.375	-463.425	25
11	247	2542	413.325	-463.425	25
11	248	658	388.275	-463.425	25
11	249	2165	363.225	-463.425	25
11	250	1233	338.175	-463.425	25
11	251	2536	313.125	-463.425	25
11	252	562	288.075	-463.425	25
11	253	1888	263.025	-463.425	25
11	254	664	237.975	-463.425	25
11	255	2323	212.925	-463.425	25
11	256	663	187.875	-463.425	25
11	257	2476	162.825	-463.425	25
11	258	666	137.775	-463.425	25
11	259	1225	112.725	-463.425	25
11	260	2167	87.675	-463.425	25
11	261	662	62.625	-463.425	25
11	262	1828	37.575	-463.425	25
11	263	2130	12.525	-463.425	25
11	264	669	-12.525	-463.425	25
11	265	1130	-37.575	-463.425	25
11	266	51	-62.625	-463.425	25
11	267	2124	-87.675	-463.425	25
11	268	598	-112.725	-463.425	25
11	269	1811	-137.775	-463.425	25
11	270	2454	-162.825	-463.425	25
11	271	835	-187.875	-463.425	25
11	272	1446	-212.925	-463.425	25
11	273	2123	-237.975	-463.425	25
11	274	2619	-263.025	-463.425	25
11	275	2163	-288.075	-463.425	25
11	276	2484	-313.125	-463.425	25
11	277	659	-338.175	-463.425	25
11	278	239	-363.225	-463.425	25
11	279	1486	-388.275	-463.425	25
11	280	2372	-413.325	-463.425	25
11	281	2097	-438.375	-463.425	25
11	282	300	-463.425	-463.425	25
11	283	1794	-488.475	-463.425	25
11	284	2442	-513.525	-463.425	25
11	285	226	-538.575	-463.425	25
11	286	1437	-563.625	-463.425	25
11	287	1445	-588.675	-463.425	25
12	288	1591	588.675	-438.375	25
12	289	586	563.625	-438.375	25
12	290	1664	538.575	-438.375	25
12	291	3174	513.525	-438.375	25
12	292	327	488.475	-438.375	25
12	293	2739	463.425	-438.375	25
12	294	374	438.375	-438.375	25
12	295	3186	413.325	-438.375	25
12	296	1705	388.275	-438.375	25
12	297	1808	363.225	-438.375	25
12	298	594	338.175	-438.375	25
12	299	2369	313.125	-438.375	25
12	300	1418	288.075	-438.375	25
12	301	1314	263.025	-438.375	25
12	302	1377	237.975	-438.375	25
12	303	303	212.925	-438.375	25
12	304	564	187.875	-438.375	25
12	305	1933	162.825	-438.375	25
12	306	2714	137.775	-438.375	25
12	307	1509	112.725	-438.375	25
12	308	2335	87.675	-438.375	25
12	309	3047	62.625	-438.375	25
12	310	1701	37.575	-438.375	25
12	311	892	12.525	-438.375	25
12	312	320	-12.525	-438.375	25
12	313	522	-37.575	-438.375	25
12	314	464	-62.625	-438.375	25
12	315	2441	-87.675	-438.375	25
12	316	2823	-112.725	-438.375	25
12	317	465	-137.775	-438.375	25
12	318	1274	-162.825	-438.375	25
12	319	1754	-187.875	-438.375	25
12	320	1767	-212.925	-438.375	25
12	321	2835	-237.975	-438.375	25
12	322	2595	-263.025	-438.375	25
12	323	3176	-288.075	-438.375	25
12	324	1812	-313.125	-438.375	25
12	325	317	-338.175	-438.375	25
12	326	1586	-363.225	-438.375	25
12	327	2736	-388.275	-438.375	25
12	328	707	-413.325	-438.375	25
12	329	2652	-438.375	-438.375	25
12	330	1358	-463.425	-438.375	25
12	331	503	-488.475	-438.375	25
12	332	1607	-513.525	-438.375	25
12	333	2195	-538.575	-438.375	25
12	334	1544	-563.625	-438.375	25
12	335	3168	-588.675	-438.375	25
12	2378	573	776.55	-425.85	50
12	2379	1483	726.45	-425.85	50
12	2380	1294	676.35	-425.85	50
12	2381	786	626.25	-425.85	50
12	2382	1581	-626.25	-425.85	50
12	2383	3426	-676.35	-425.85	50
12	2384	3153	-726.45	-425.85	50
12	2385	3155	-776.55	-425.85	50
13	336	1981	588.675	-413.325	25
13	337	1547	563.625	-413.325	25
13	338	2959	538.575	-413.325	25
13	339	3377	513.525	-413.325	25
13	340	1541	488.475	-413.325	25
13	341	3177	463.425	-413.325	25
13	342	1169	438.375	-413.325	25
13	343	698	413.325	-413.325	25
13	344	2750	388.275	-413.325	25
13	345	67	363.225	-413.325	25
13	346	2449	338.175	-413.325	25
13	347	326	313.125	-413.325	25
13	348	2988	288.075	-413.325	25
13	349	1496	263.025	-413.325	25
13	350	1494	237.975	-413.325	25
13	351	1329	212.925	-413.325	25
13	352	1751	187.875	-413.325	25
13	353	646	162.825	-413.325	25
13	354	3392	137.775	-413.325	25
13	355	3523	112.725	-413.325	25
13	356	2378	87.675	-413.325	25
13	357	236	62.625	-413.325	25
13	358	507	37.575	-413.325	25
13	359	1236	12.525	-413.325	25
13	360	1810	-12.525	-413.325	25
13	361	1834	-37.575	-413.325	25
13	362	1362	-62.625	-413.325	25
13	363	3165	-87.675	-413.325	25
13	364	2732	-112.725	-413.325	25
13	365	1978	-137.775	-413.325	25
13	366	2198	-162.825	-413.325	25
13	367	2832	-187.875	-413.325	25
13	368	112	-212.925	-413.325	25
13	369	3175	-237.975	-413.325	25
13	370	590	-263.025	-413.325	25
13	371	2833	-288.075	-413.325	25
13	372	1713	-313.125	-413.325	25
13	373	1764	-338.175	-413.325	25
13	374	1258	-363.225	-413.325	25
13	375	2825	-388.275	-413.325	25
13	376	1753	-413.325	-413.325	25
13	377	1726	-438.375	-413.325	25
13	378	2451	-463.425	-413.325	25
13	379	349	-488.475	-413.325	25
13	380	2834	-513.525	-413.325	25
13	381	1859	-538.575	-413.325	25
13	382	645	-563.625	-413.325	25
13	383	703	-588.675	-413.325	25
14	384	1472	588.675	-388.275	25
14	385	1560	563.625	-388.275	25
14	386	357	538.575	-388.275	25
14	387	2487	513.525	-388.275	25
14	388	325	488.475	-388.275	25
14	389	2789	463.425	-388.275	25
14	390	754	438.375	-388.275	25
14	391	1755	413.325	-388.275	25
14	392	2550	388.275	-388.275	25
14	393	1131	363.225	-388.275	25
14	394	3077	338.175	-388.275	25
14	395	1946	313.125	-388.275	25
14	396	3021	288.075	-388.275	25
14	397	930	263.025	-388.275	25
14	398	3522	237.975	-388.275	25
14	399	3040	212.925	-388.275	25
14	400	1370	187.875	-388.275	25
14	401	1431	162.825	-388.275	25
14	402	1719	137.775	-388.275	25
14	403	1589	112.725	-388.275	25
14	404	3139	87.675	-388.275	25
14	405	1615	62.625	-388.275	25
14	406	377	37.575	-388.275	25
14	407	566	12.525	-388.275	25
14	408	403	-12.525	-388.275	25
14	409	951	-37.575	-388.275	25
14	410	561	-62.625	-388.275	25
14	411	90	-87.675	-388.275	25
14	412	3025	-112.725	-388.275	25
14	413	2043	-137.775	-388.275	25
14	414	271	-162.825	-388.275	25
14	415	1421	-187.875	-388.275	25
14	416	312	-212.925	-388.275	25
14	417	1433	-237.975	-388.275	25
14	418	1257	-263.025	-388.275	25
14	419	1920	-288.075	-388.275	25
14	420	2427	-313.125	-388.275	25
14	421	2182	-338.175	-388.275	25
14	422	1393	-363.225	-388.275	25
14	423	934	-388.275	-388.275	25
14	424	405	-413.325	-388.275	25
14	425	2027	-438.375	-388.275	25
14	426	1765	-463.425	-388.275	25
14	427	1605	-488.475	-388.275	25
14	428	2443	-513.525	-388.275	25
14	429	1471	-538.575	-388.275	25
14	430	3514	-563.625	-388.275	25
14	431	3374	-588.675	-388.275	25
14	2387	412	776.55	-375.75	50
14	2388	2353	726.45	-375.75	50
14	2389	452	676.35	-375.75	50
14	2390	1569	626.25	-375.75	50
14	2391	1285	-626.25	-375.75	50
14	2392	3401	-676.35	-375.75	50
14	2393	266	-726.45	-375.75	50
14	2394	2318	-776.55	-375.75	50
15	432	600	588.675	-363.225	25
15	433	154	563.625	-363.225	25
15	434	2627	538.575	-363.225	25
15	435	1306	513.525	-363.225	25
15	436	3089	488.475	-363.225	25
15	437	3470	463.425	-363.225	25
15	438	1501	438.375	-363.225	25
15	439	3378	413.325	-363.225	25
15	440	1609	388.275	-363.225	25
15	441	2583	363.225	-363.225	25
15	442	2425	338.175	-363.225	25
15	443	748	313.125	-363.225	25
15	444	1186	288.075	-363.225	25
15	445	1277	263.025	-363.225	25
15	446	919	237.975	-363.225	25
15	447	1714	212.925	-363.225	25
15	448	1110	187.875	-363.225	25
15	449	1624	162.825	-363.225	25
15	450	1988	137.775	-363.225	25
15	451	2961	112.725	-363.225	25
15	452	2962	87.675	-363.225	25
15	453	2579	62.625	-363.225	25
15	454	2104	37.575	-363.225	25
15	455	756	12.525	-363.225	25
15	456	367	-12.525	-363.225	25
15	457	2046	-37.575	-363.225	25
15	458	2362	-62.625	-363.225	25
15	459	197	-87.675	-363.225	25
15	460	261	-112.725	-363.225	25
15	461	3524	-137.775	-363.225	25
15	462	305	-162.825	-363.225	25
15	463	371	-187.875	-363.225	25
15	464	1698	-212.925	-363.225	25
15	465	460	-237.975	-363.225	25
15	466	3185	-263.025	-363.225	25
15	467	740	-288.075	-363.225	25
15	468	2644	-313.125	-363.225	25
15	469	66	-338.175	-363.225	25
15	470	404	-363.225	-363.225	25
15	471	1612	-388.275	-363.225	25
15	472	1993	-413.325	-363.225	25
15	473	1380	-438.375	-363.225	25
15	474	602	-463.425	-363.225	25
15	475	3389	-488.475	-363.225	25
15	476	1840	-513.525	-363.225	25
15	477	400	-538.575	-363.225	25
15	478	3387	-563.625	-363.225	25
15	479	2019	-588.675	-363.225	25
16	480	1039	588.675	-338.175	25
16	481	2873	563.625	-338.175	25
16	482	949	538.575	-338.175	25
16	483	591	513.525	-338.175	25
16	484	1771	488.475	-338.175	25
16	485	1994	463.425	-338.175	25
16	486	375	438.375	-338.175	25
16	487	1171	413.325	-338.175	25
16	488	2693	388.275	-338.175	25
16	489	762	363.225	-338.175	25
16	490	1617	338.175	-338.175	25
16	491	1270	313.125	-338.175	25
16	492	3116	288.075	-338.175	25
16	493	353	263.025	-338.175	25
16	494	368	237.975	-338.175	25
16	495	2413	212.925	-338.175	25
16	496	2665	187.875	-338.175	25
16	497	1182	162.825	-338.175	25
16	498	231	137.775	-338.175	25
16	499	842	112.725	-338.175	25
16	500	2259	87.675	-338.175	25
16	501	1079	62.625	-338.175	25
16	502	2183	37.575	-338.175	25
16	503	2029	12.525	-338.175	25
16	504	2085	-12.525	-338.175	25
16	505	2261	-37.575	-338.175	25
16	506	2936	-62.625	-338.175	25
16	507	2539	-87.675	-338.175	25
16	508	2289	-112.725	-338.175	25
16	509	526	-137.775	-338.175	25
16	510	1720	-162.825	-338.175	25
16	511	2428	-187.875	-338.175	25
16	512	1432	-212.925	-338.175	25
16	513	954	-237.975	-338.175	25
16	514	996	-263.025	-338.175	25
16	515	763	-288.075	-338.175	25
16	516	553	-313.125	-338.175	25
16	517	921	-338.175	-338.175	25
16	518	3127	-363.225	-338.175	25
16	519	1166	-388.275	-338.175	25
16	520	1733	-413.325	-338.175	25
16	521	1137	-438.375	-338.175	25
16	522	2024	-463.425	-338.175	25
16	523	2177	-488.475	-338.175	25
16	524	87	-513.525	-338.175	25
16	525	1683	-538.575	-338.175	25
16	526	778	-563.625	-338.175	25
16	527	2503	-588.675	-338.175	25
16	2396	2215	826.65	-325.65	50
16	2397	798	776.55	-325.65	50
16	2398	3352	726.45	-325.65	50
16	2399	970	676.35	-325.65	50
16	2400	3428	626.25	-325.65	50
16	2401	477	-626.25	-325.65	50
16	2402	3271	-676.35	-325.65	50
16	2403	383	-726.45	-325.65	50
16	2404	551	-776.55	-325.65	50
16	2405	3528	-826.65	-325.65	50
17	528	2615	588.675	-313.125	25
17	529	166	563.625	-313.125	25
17	530	2023	538.575	-313.125	25
17	531	2770	513.525	-313.125	25
17	532	1945	488.475	-313.125	25
17	533	2278	463.425	-313.125	25
17	534	1948	438.375	-313.125	25
17	535	1441	413.325	-313.125	25
17	536	1243	388.275	-313.125	25
17	537	356	363.225	-313.125	25
17	538	1099	338.175	-313.125	25
17	539	2694	313.125	-313.125	25
17	540	841	288.075	-313.125	25
17	541	2032	263.025	-313.125	25
17	542	1392	237.975	-313.125	25
17	543	2273	212.925	-313.125	25
17	544	938	187.875	-313.125	25
17	545	1013	162.825	-313.125	25
17	546	845	137.775	-313.125	25
17	547	1278	112.725	-313.125	25
17	548	1974	87.675	-313.125	25
17	549	981	62.625	-313.125	25
17	550	1676	37.575	-313.125	25
17	551	1611	12.525	-313.125	25
17	552	3276	-12.525	-313.125	25
17	553	2293	-37.575	-313.125	25
17	554	1923	-62.625	-313.125	25
17	555	844	-87.675	-313.125	25
17	556	840	-112.725	-313.125	25
17	557	1976	-137.775	-313.125	25
17	558	274	-162.825	-313.125	25
17	559	1201	-187.875	-313.125	25
17	560	2063	-212.925	-313.125	25
17	561	958	-237.975	-313.125	25
17	562	1542	-263.025	-313.125	25
17	563	1958	-288.075	-313.125	25
17	564	2272	-313.125	-313.125	25
17	565	3506	-338.175	-313.125	25
17	566	2181	-363.225	-313.125	25
17	567	2334	-388.275	-313.125	25
17	568	1621	-413.325	-313.125	25
17	569	2080	-438.375	-313.125	25
17	570	2548	-463.425	-313.125	25
17	571	2380	-488.475	-313.125	25
17	572	2418	-513.525	-313.125	25
17	573	2263	-538.575	-313.125	25
17	574	322	-563.625	-313.125	25
17	575	3024	-588.675	-313.125	25
18	576	1708	588.675	-288.075	25
18	577	1848	563.625	-288.075	25
18	578	2710	538.575	-288.075	25
18	579	406	513.525	-288.075	25
18	580	1188	488.475	-288.075	25
18	581	2344	463.425	-288.075	25
18	582	3525	438.375	-288.075	25
18	583	1595	413.325	-288.075	25
18	584	2084	388.275	-288.075	25
18	585	2821	363.225	-288.075	25
18	586	1038	338.175	-288.075	25
18	587	2842	313.125	-288.075	25
18	588	1175	288.075	-288.075	25
18	589	1546	263.025	-288.075	25
18	590	2241	237.975	-288.075	25
18	591	1184	212.925	-288.075	25
18	592	2485	187.875	-288.075	25
18	593	1415	162.825	-288.075	25
18	594	604	137.775	-288.075	25
18	595	2477	112.725	-288.075	25
18	596	1317	87.675	-288.075	25
18	597	2033	62.625	-288.075	25
18	598	746	37.575	-288.075	25
18	599	2624	12.525	-288.075	25
18	600	1401	-12.525	-288.075	25
18	601	2091	-37.575	-288.075	25
18	602	1827	-62.625	-288.075	25
18	603	1373	-87.675	-288.075	25
18	604	3316	-112.725	-288.075	25
18	605	2783	-137.775	-288.075	25
18	606	1721	-162.825	-288.075	25
18	607	2204	-187.875	-288.075	25
18	608	737	-212.925	-288.075	25
18	609	2731	-237.975	-288.075	25
18	610	2160	-263.025	-288.075	25
18	611	2274	-288.075	-288.075	25
18	612	2626	-313.125	-288.075	25
18	613	1178	-338.175	-288.075	25
18	614	2784	-363.225	-288.075	25
18	615	749	-388.275	-288.075	25
18	616	1279	-413.325	-288.075	25
18	617	2719	-438.375	-288.075	25
18	618	2688	-463.425	-288.075	25
18	619	945	-488.475	-288.075	25
18	620	1889	-513.525	-288.075	25
18	621	634	-538.575	-288.075	25
18	622	639	-563.625	-288.075	25
18	623	2137	-588.675	-288.075	25
18	2407	1649	826.65	-275.55	50
18	2408	651	776.55	-275.55	50
18	2409	3542	726.45	-275.55	50
18	2410	3474	676.35	-275.55	50
18	2411	1160	626.25	-275.55	50
18	2412	2172	-626.25	-275.55	50
18	2413	3399	-676.35	-275.55	50
18	2414	416	-726.45	-275.55	50
18	2415	3364	-776.55	-275.55	50
18	2416	386	-826.65	-275.55	50
19	624	1356	588.675	-263.025	25
19	625	309	563.625	-263.025	25
19	626	1804	538.575	-263.025	25
19	627	1818	513.525	-263.025	25
19	628	2219	488.475	-263.025	25
19	629	738	463.425	-263.025	25
19	630	2324	438.375	-263.025	25
19	631	720	413.325	-263.025	25
19	632	1852	388.275	-263.025	25
19	633	2534	363.225	-263.025	25
19	634	2538	338.175	-263.025	25
19	635	2230	313.125	-263.025	25
19	636	607	288.075	-263.025	25
19	637	2161	263.025	-263.025	25
19	638	2535	237.975	-263.025	25
19	639	1487	212.925	-263.025	25
19	640	2651	187.875	-263.025	25
19	641	2450	162.825	-263.025	25
19	642	2096	137.775	-263.025	25
19	643	2340	112.725	-263.025	25
19	644	2282	87.675	-263.025	25
19	645	1489	62.625	-263.025	25
19	646	708	37.575	-263.025	25
19	647	2837	12.525	-263.025	25
19	648	2551	-12.525	-263.025	25
19	649	2935	-37.575	-263.025	25
19	650	2205	-62.625	-263.025	25
19	651	1835	-87.675	-263.025	25
19	652	2483	-112.725	-263.025	25
19	653	2529	-137.775	-263.025	25
19	654	1682	-162.825	-263.025	25
19	655	1622	-187.875	-263.025	25
19	656	1670	-212.925	-263.025	25
19	657	2127	-237.975	-263.025	25
19	658	1261	-263.025	-263.025	25
19	659	1185	-288.075	-263.025	25
19	660	2332	-313.125	-263.025	25
19	661	2838	-338.175	-263.025	25
19	662	2453	-363.225	-263.025	25
19	663	2200	-388.275	-263.025	25
19	664	2220	-413.325	-263.025	25
19	665	370	-438.375	-263.025	25
19	666	2445	-463.425	-263.025	25
19	667	1376	-488.475	-263.025	25
19	668	2703	-513.525	-263.025	25
19	669	2244	-538.575	-263.025	25
19	670	1502	-563.625	-263.025	25
19	671	1587	-588.675	-263.025	25
20	672	1618	588.675	-237.975	25
20	673	2537	563.625	-237.975	25
20	674	1443	538.575	-237.975	25
20	675	1434	513.525	-237.975	25
20	676	735	488.475	-237.975	25
20	677	1444	463.425	-237.975	25
20	678	2342	438.375	-237.975	25
20	679	1122	413.325	-237.975	25
20	680	1218	388.275	-237.975	25
20	681	2119	363.225	-237.975	25
20	682	2715	338.175	-237.975	25
20	683	2722	313.125	-237.975	25
20	684	871	288.075	-237.975	25
20	685	1237	263.025	-237.975	25
20	686	642	237.975	-237.975	25
20	687	3327	212.925	-237.975	25
20	688	1841	187.875	-237.975	25
20	689	2133	162.825	-237.975	25
20	690	2831	137.775	-237.975	25
20	691	3376	112.725	-237.975	25
20	692	512	87.675	-237.975	25
20	693	485	62.625	-237.975	25
20	694	1871	37.575	-237.975	25
20	695	111	12.525	-237.975	25
20	696	1217	-12.525	-237.975	25
20	697	1991	-37.575	-237.975	25
20	698	1769	-62.625	-237.975	25
20	699	2724	-87.675	-237.975	25
20	700	2399	-112.725	-237.975	25
20	701	2576	-137.775	-237.975	25
20	702	1854	-162.825	-237.975	25
20	703	668	-187.875	-237.975	25
20	704	1117	-212.925	-237.975	25
20	705	2600	-237.975	-237.975	25
20	706	2730	-263.025	-237.975	25
20	707	2132	-288.075	-237.975	25
20	708	2836	-313.125	-237.975	25
20	709	529	-338.175	-237.975	25
20	710	2157	-363.225	-237.975	25
20	711	742	-388.275	-237.975	25
20	712	3325	-413.325	-237.975	25
20	713	750	-438.375	-237.975	25
20	714	2331	-463.425	-237.975	25
20	715	2479	-488.475	-237.975	25
20	716	1312	-513.525	-237.975	25
20	717	1385	-538.575	-237.975	25
20	718	2297	-563.625	-237.975	25
20	719	3199	-588.675	-237.975	25
20	2418	2819	876.75	-225.45	50
20	2419	1690	826.65	-225.45	50
20	2420	1204	776.55	-225.45	50
20	2421	1694	726.45	-225.45	50
20	2422	211	676.35	-225.45	50
20	2423	857	626.25	-225.45	50
20	2424	1875	-626.25	-225.45	50
20	2425	1789	-676.35	-225.45	50
20	2426	3154	-726.45	-225.45	50
20	2427	648	-776.55	-225.45	50
20	2428	1696	-826.65	-225.45	50
20	2429	1878	-876.75	-225.45	50
21	720	3324	588.675	-212.925	25
21	721	1863	563.625	-212.925	25
21	722	2989	538.575	-212.925	25
21	723	2953	513.525	-212.925	25
21	724	2541	488.475	-212.925	25
21	725	2547	463.425	-212.925	25
21	726	2839	438.375	-212.925	25
21	727	1322	413.325	-212.925	25
21	728	2723	388.275	-212.925	25
21	729	1836	363.225	-212.925	25
21	730	853	338.175	-212.925	25
21	731	1763	313.125	-212.925	25
21	732	679	288.075	-212.925	25
21	733	2734	263.025	-212.925	25
21	734	495	237.975	-212.925	25
21	735	501	212.925	-212.925	25
21	736	3384	187.875	-212.925	25
21	737	328	162.825	-212.925	25
21	738	864	137.775	-212.925	25
21	739	675	112.725	-212.925	25
21	740	688	87.675	-212.925	25
21	741	2721	62.625	-212.925	25
21	742	3383	37.575	-212.925	25
21	743	1838	12.525	-212.925	25
21	744	3368	-12.525	-212.925	25
21	745	510	-37.575	-212.925	25
21	746	2869	-62.625	-212.925	25
21	747	1779	-87.675	-212.925	25
21	748	1210	-112.725	-212.925	25
21	749	2159	-137.775	-212.925	25
21	750	2392	-162.825	-212.925	25
21	751	1832	-187.875	-212.925	25
21	752	3373	-212.925	-212.925	25
21	753	2374	-237.975	-212.925	25
21	754	2567	-263.025	-212.925	25
21	755	2546	-288.075	-212.925	25
21	756	898	-313.125	-212.925	25
21	757	2125	-338.175	-212.925	25
21	758	671	-363.225	-212.925	25
21	759	3090	-388.275	-212.925	25
21	760	3473	-413.325	-212.925	25
21	761	2328	-438.375	-212.925	25
21	762	1865	-463.425	-212.925	25
21	763	1864	-488.475	-212.925	25
21	764	3180	-513.525	-212.925	25
21	765	855	-538.575	-212.925	25
21	766	333	-563.625	-212.925	25
21	767	896	-588.675	-212.925	25
22	768	1986	588.675	-187.875	25
22	769	755	563.625	-187.875	25
22	770	1717	538.575	-187.875	25
22	771	2373	513.525	-187.875	25
22	772	1954	488.475	-187.875	25
22	773	849	463.425	-187.875	25
22	774	588	438.375	-187.875	25
22	775	2540	413.325	-187.875	25
22	776	2895	388.275	-187.875	25
22	777	319	363.225	-187.875	25
22	778	1674	338.175	-187.875	25
22	779	2899	313.125	-187.875	25
22	780	3322	288.075	-187.875	25
22	781	2042	263.025	-187.875	25
22	782	1919	237.975	-187.875	25
22	783	506	212.925	-187.875	25
22	784	1209	187.875	-187.875	25
22	785	2584	162.825	-187.875	25
22	786	504	137.775	-187.875	25
22	787	471	112.725	-187.875	25
22	788	75	87.675	-187.875	25
22	789	1357	62.625	-187.875	25
22	790	2370	37.575	-187.875	25
22	791	3192	12.525	-187.875	25
22	792	110	-12.525	-187.875	25
22	793	3385	-37.575	-187.875	25
22	794	2702	-62.625	-187.875	25
22	795	1391	-87.675	-187.875	25
22	796	1846	-112.725	-187.875	25
22	797	2938	-137.775	-187.875	25
22	798	3388	-162.825	-187.875	25
22	799	2960	-187.875	-187.875	25
22	800	496	-212.925	-187.875	25
22	801	2552	-237.975	-187.875	25
22	802	2382	-263.025	-187.875	25
22	803	3196	-288.075	-187.875	25
22	804	2590	-313.125	-187.875	25
22	805	2905	-338.175	-187.875	25
22	806	638	-363.225	-187.875	25
22	807	2830	-388.275	-187.875	25
22	808	2692	-413.325	-187.875	25
22	809	751	-438.375	-187.875	25
22	810	687	-463.425	-187.875	25
22	811	918	-488.475	-187.875	25
22	812	1429	-513.525	-187.875	25
22	813	2136	-538.575	-187.875	25
22	814	2390	-563.625	-187.875	25
22	815	1851	-588.675	-187.875	25
22	2430	1516	876.75	-175.35	50
22	2431	548	826.65	-175.35	50
22	2432	2631	776.55	-175.35	50
22	2433	793	726.45	-175.35	50
22	2434	783	676.35	-175.35	50
22	2435	547	626.25	-175.35	50
22	2436	1568	-626.25	-175.35	50
22	2437	541	-676.35	-175.35	50
22	2438	3427	-726.45	-175.35	50
22	2439	3476	-776.55	-175.35	50
22	2440	268	-826.65	-175.35	50
22	2441	900	-876.75	-175.35	50
23	816	1594	588.675	-162.825	25
23	817	173	563.625	-162.825	25
23	818	2580	538.575	-162.825	25
23	819	347	513.525	-162.825	25
23	820	2625	488.475	-162.825	25
23	821	1153	463.425	-162.825	25
23	822	3190	438.375	-162.825	25
23	823	1172	413.325	-162.825	25
23	824	2713	388.275	-162.825	25
23	825	1712	363.225	-162.825	25
23	826	1127	338.175	-162.825	25
23	827	1126	313.125	-162.825	25
23	828	466	288.075	-162.825	25
23	829	1272	263.025	-162.825	25
23	830	2717	237.975	-162.825	25
23	831	519	212.925	-162.825	25
23	832	1773	187.875	-162.825	25
23	833	599	162.825	-162.825	25
23	834	486	137.775	-162.825	25
23	835	3396	112.725	-162.825	25
23	836	2408	87.675	-162.825	25
23	837	509	62.625	-162.825	25
23	838	3006	37.575	-162.825	25
23	839	2112	12.525	-162.825	25
23	840	1860	-12.525	-162.825	25
23	841	3000	-37.575	-162.825	25
23	842	2725	-62.625	-162.825	25
23	843	1189	-87.675	-162.825	25
23	844	527	-112.725	-162.825	25
23	845	2829	-137.775	-162.825	25
23	846	635	-162.825	-162.825	25
23	847	2141	-187.875	-162.825	25
23	848	2379	-212.925	-162.825	25
23	849	1369	-237.975	-162.825	25
23	850	3309	-263.025	-162.825	25
23	851	3472	-288.075	-162.825	25
23	852	469	-313.125	-162.825	25
23	853	502	-338.175	-162.825	25
23	854	2401	-363.225	-162.825	25
23	855	497	-388.275	-162.825	25
23	856	2201	-413.325	-162.825	25
23	857	1183	-438.375	-162.825	25
23	858	2203	-463.425	-162.825	25
23	859	1378	-488.475	-162.825	25
23	860	229	-513.525	-162.825	25
23	861	877	-538.575	-162.825	25
23	862	597	-563.625	-162.825	25
23	863	1323	-588.675	-162.825	25
24	864	644	588.675	-137.775	25
24	865	2482	563.625	-137.775	25
24	866	2371	538.575	-137.775	25
24	867	2093	513.525	-137.775	25
24	868	2232	488.475	-137.775	25
24	869	1850	463.425	-137.775	25
24	870	1259	438.375	-137.775	25
24	871	1831	413.325	-137.775	25
24	872	1453	388.275	-137.775	25
24	873	2400	363.225	-137.775	25
24	874	1837	338.175	-137.775	25
24	875	1124	313.125	-137.775	25
24	876	872	288.075	-137.775	25
24	877	674	263.025	-137.775	25
24	878	2790	237.975	-137.775	25
24	879	3204	212.925	-137.775	25
24	880	925	187.875	-137.775	25
24	881	114	162.825	-137.775	25
24	882	1120	137.775	-137.775	25
24	883	2101	112.725	-137.775	25
24	884	1758	87.675	-137.775	25
24	885	2394	62.625	-137.775	25
24	886	1856	37.575	-137.775	25
24	887	2158	12.525	-137.775	25
24	888	2375	-12.525	-137.775	25
24	889	1211	-37.575	-137.775	25
24	890	1235	-62.625	-137.775	25
24	891	559	-87.675	-137.775	25
24	892	2414	-112.725	-137.775	25
24	893	2581	-137.775	-137.775	25
24	894	118	-162.825	-137.775	25
24	895	3202	-187.875	-137.775	25
24	896	2984	-212.925	-137.775	25
24	897	2897	-237.975	-137.775	25
24	898	121	-263.025	-137.775	25
24	899	694	-288.075	-137.775	25
24	900	489	-313.125	-137.775	25
24	901	1679	-338.175	-137.775	25
24	902	1825	-363.225	-137.775	25
24	903	2753	-388.275	-137.775	25
24	904	979	-413.325	-137.775	25
24	905	1173	-438.375	-137.775	25
24	906	2406	-463.425	-137.775	25
24	907	117	-488.475	-137.775	25
24	908	318	-513.525	-137.775	25
24	909	448	-538.575	-137.775	25
24	910	2896	-563.625	-137.775	25
24	911	238	-588.675	-137.775	25
24	2442	1639	876.75	-125.25	50
24	2443	649	826.65	-125.25	50
24	2444	2175	776.55	-125.25	50
24	2445	1202	726.45	-125.25	50
24	2446	3158	676.35	-125.25	50
24	2447	1579	626.25	-125.25	50
24	2448	2011	-626.25	-125.25	50
24	2449	2004	-676.35	-125.25	50
24	2450	2189	-726.45	-125.25	50
24	2451	415	-776.55	-125.25	50
24	2452	650	-826.65	-125.25	50
24	2453	608	-876.75	-125.25	50
25	912	3397	588.675	-112.725	25
25	913	1416	563.625	-112.725	25
25	914	2994	538.575	-112.725	25
25	915	589	513.525	-112.725	25
25	916	2444	488.475	-112.725	25
25	917	1760	463.425	-112.725	25
25	918	1174	438.375	-112.725	25
25	919	127	413.325	-112.725	25
25	920	643	388.275	-112.725	25
25	921	2701	363.225	-112.725	25
25	922	689	338.175	-112.725	25
25	923	1700	313.125	-112.725	25
25	924	2140	288.075	-112.725	25
25	925	3172	263.025	-112.725	25
25	926	3235	237.975	-112.725	25
25	927	2146	212.925	-112.725	25
25	928	2131	187.875	-112.725	25
25	929	693	162.825	-112.725	25
25	930	1842	137.775	-112.725	25
25	931	1857	112.725	-112.725	25
25	932	2395	87.675	-112.725	25
25	933	1685	62.625	-112.725	25
25	934	331	37.575	-112.725	25
25	935	2397	12.525	-112.725	25
25	936	1847	-12.525	-112.725	25
25	937	2578	-37.575	-112.725	25
25	938	1869	-62.625	-112.725	25
25	939	1780	-87.675	-112.725	25
25	940	499	-112.725	-112.725	25
25	941	691	-137.775	-112.725	25
25	942	1206	-162.825	-112.725	25
25	943	690	-187.875	-112.725	25
25	944	1208	-212.925	-112.725	25
25	945	2705	-237.975	-112.725	25
25	946	2102	-263.025	-112.725	25
25	947	2991	-288.075	-112.725	25
25	948	2792	-313.125	-112.725	25
25	949	3181	-338.175	-112.725	25
25	950	558	-363.225	-112.725	25
25	951	1367	-388.275	-112.725	25
25	952	2822	-413.325	-112.725	25
25	953	1556	-438.375	-112.725	25
25	954	873	-463.425	-112.725	25
25	955	2327	-488.475	-112.725	25
25	956	2690	-513.525	-112.725	25
25	957	1849	-538.575	-112.725	25
25	958	1490	-563.625	-112.725	25
25	959	1985	-588.675	-112.725	25
26	960	3371	588.675	-87.675	25
26	961	876	563.625	-87.675	25
26	962	487	538.575	-87.675	25
26	963	1374	513.525	-87.675	25
26	964	2030	488.475	-87.675	25
26	965	3197	463.425	-87.675	25
26	966	2699	438.375	-87.675	25
26	967	2233	413.325	-87.675	25
26	968	696	388.275	-87.675	25
26	969	1867	363.225	-87.675	25
26	970	2708	338.175	-87.675	25
26	971	3001	313.125	-87.675	25
26	972	1873	288.075	-87.675	25
26	973	680	263.025	-87.675	25
26	974	3537	237.975	-87.675	25
26	975	2398	212.925	-87.675	25
26	976	2963	187.875	-87.675	25
26	977	2737	162.825	-87.675	25
26	978	1866	137.775	-87.675	25
26	979	1820	112.725	-87.675	25
26	980	875	-112.725	-87.675	25
26	981	1677	-137.775	-87.675	25
26	982	2706	-162.825	-87.675	25
26	983	2700	-187.875	-87.675	25
26	984	2728	-212.925	-87.675	25
26	985	880	-237.975	-87.675	25
26	986	2841	-263.025	-87.675	25
26	987	2940	-288.075	-87.675	25
26	988	2735	-313.125	-87.675	25
26	989	3317	-338.175	-87.675	25
26	990	2360	-363.225	-87.675	25
26	991	463	-388.275	-87.675	25
26	992	895	-413.325	-87.675	25
26	993	2733	-438.375	-87.675	25
26	994	2325	-463.425	-87.675	25
26	995	1762	-488.475	-87.675	25
26	996	3382	-513.525	-87.675	25
26	997	585	-538.575	-87.675	25
26	998	1379	-563.625	-87.675	25
26	999	3159	-588.675	-87.675	25
26	2454	3304	876.75	-75.15	50
26	2455	413	826.65	-75.15	50
26	2456	1578	776.55	-75.15	50
26	2457	3398	726.45	-75.15	50
26	2458	1351	676.35	-75.15	50
26	2459	2111	626.25	-75.15	50
26	2460	630	-626.25	-75.15	50
26	2461	2171	-676.35	-75.15	50
26	2462	1347	-726.45	-75.15	50
26	2463	539	-776.55	-75.15	50
26	2464	384	-826.65	-75.15	50
26	2465	1066	-876.75	-75.15	50
27	1000	636	588.675	-62.625	25
27	1001	1269	563.625	-62.625	25
27	1002	1553	538.575	-62.625	25
27	1003	1608	513.525	-62.625	25
27	1004	743	488.475	-62.625	25
27	1005	2860	463.425	-62.625	25
27	1006	3434	438.375	-62.625	25
27	1007	705	413.325	-62.625	25
27	1008	3381	388.275	-62.625	25
27	1009	1310	363.225	-62.625	25
27	1010	1305	338.175	-62.625	25
27	1011	1716	313.125	-62.625	25
27	1012	1774	288.075	-62.625	25
27	1013	3167	263.025	-62.625	25
27	1014	3394	237.975	-62.625	25
27	1015	3179	212.925	-62.625	25
27	1016	1833	187.875	-62.625	25
27	1017	3231	162.825	-62.625	25
27	1018	2135	137.775	-62.625	25
27	1019	1216	112.725	-62.625	25
27	1020	592	-112.725	-62.625	25
27	1021	493	-137.775	-62.625	25
27	1022	2958	-162.825	-62.625	25
27	1023	2826	-187.875	-62.625	25
27	1024	3078	-212.925	-62.625	25
27	1025	1793	-237.975	-62.625	25
27	1026	2559	-263.025	-62.625	25
27	1027	1813	-288.075	-62.625	25
27	1028	685	-313.125	-62.625	25
27	1029	2574	-338.175	-62.625	25
27	1030	1104	-363.225	-62.625	25
27	1031	1631	-388.275	-62.625	25
27	1032	583	-413.325	-62.625	25
27	1033	847	-438.375	-62.625	25
27	1034	2365	-463.425	-62.625	25
27	1035	1625	-488.475	-62.625	25
27	1036	444	-513.525	-62.625	25
27	1037	3471	-538.575	-62.625	25
27	1038	61	-563.625	-62.625	25
27	1039	1428	-588.675	-62.625	25
28	1040	2653	588.675	-37.575	25
28	1041	2664	563.625	-37.575	25
28	1042	2410	538.575	-37.575	25
28	1043	3393	513.525	-37.575	25
28	1044	3191	488.475	-37.575	25
28	1045	1663	463.425	-37.575	25
28	1046	498	438.375	-37.575	25
28	1047	2995	413.325	-37.575	25
28	1048	697	388.275	-37.575	25
28	1049	314	363.225	-37.575	25
28	1050	2965	338.175	-37.575	25
28	1051	3439	313.125	-37.575	25
28	1052	115	288.075	-37.575	25
28	1053	682	263.025	-37.575	25
28	1054	2993	237.975	-37.575	25
28	1055	1855	212.925	-37.575	25
28	1056	316	187.875	-37.575	25
28	1057	1874	162.825	-37.575	25
28	1058	1843	137.775	-37.575	25
28	1059	1238	112.725	-37.575	25
28	1060	1824	-112.725	-37.575	25
28	1061	2749	-137.775	-37.575	25
28	1062	1400	-162.825	-37.575	25
28	1063	3372	-187.875	-37.575	25
28	1064	3195	-212.925	-37.575	25
28	1065	2929	-237.975	-37.575	25
28	1066	1821	-263.025	-37.575	25
28	1067	1861	-288.075	-37.575	25
28	1068	3187	-313.125	-37.575	25
28	1069	3161	-338.175	-37.575	25
28	1070	2754	-363.225	-37.575	25
28	1071	3438	-388.275	-37.575	25
28	1072	1326	-413.325	-37.575	25
28	1073	2628	-438.375	-37.575	25
28	1074	3173	-463.425	-37.575	25
28	1075	1711	-488.475	-37.575	25
28	1076	520	-513.525	-37.575	25
28	1077	1724	-538.575	-37.575	25
28	1078	1704	-563.625	-37.575	25
28	1079	1473	-588.675	-37.575	25
28	2466	3157	876.75	-25.05	50
28	2467	3302	826.65	-25.05	50
28	2468	546	776.55	-25.05	50
28	2469	3408	726.45	-25.05	50
28	2470	3403	676.35	-25.05	50
28	2471	2060	626.25	-25.05	50
28	2472	451	-626.25	-25.05	50
28	2473	1522	-676.35	-25.05	50
28	2474	1353	-726.45	-25.05	50
28	2475	652	-776.55	-25.05	50
28	2476	2355	-826.65	-25.05	50
28	2477	479	-876.75	-25.05	50
29	1080	3507	588.675	-12.525	25
29	1081	272	563.625	-12.525	25
29	1082	2704	538.575	-12.525	25
29	1083	3527	513.525	-12.525	25
29	1084	3183	488.475	-12.525	25
29	1085	1932	463.425	-12.525	25
29	1086	2098	438.375	-12.525	25
29	1087	2345	413.325	-12.525	25
29	1088	2623	388.275	-12.525	25
29	1089	752	363.225	-12.525	25
29	1090	532	338.175	-12.525	25
29	1091	640	313.125	-12.525	25
29	1092	1870	288.075	-12.525	25
29	1093	1894	263.025	-12.525	25
29	1094	1263	237.975	-12.525	25
29	1095	2696	212.925	-12.525	25
29	1096	2138	187.875	-12.525	25
29	1097	3391	162.825	-12.525	25
29	1098	1630	137.775	-12.525	25
29	1099	3312	112.725	-12.525	25
29	1100	893	-112.725	-12.525	25
29	1101	2592	-137.775	-12.525	25
29	1102	1390	-162.825	-12.525	25
29	1103	897	-187.875	-12.525	25
29	1104	2582	-212.925	-12.525	25
29	1105	868	-237.975	-12.525	25
29	1106	1214	-263.025	-12.525	25
29	1107	867	-288.075	-12.525	25
29	1108	3160	-313.125	-12.525	25
29	1109	1957	-338.175	-12.525	25
29	1110	2139	-363.225	-12.525	25
29	1111	2389	-388.275	-12.525	25
29	1112	1493	-413.325	-12.525	25
29	1113	1951	-438.375	-12.525	25
29	1114	281	-463.425	-12.525	25
29	1115	3164	-488.475	-12.525	25
29	1116	192	-513.525	-12.525	25
29	1117	3114	-538.575	-12.525	25
29	1118	1372	-563.625	-12.525	25
29	1119	204	-588.675	-12.525	25
30	1120	2858	588.675	12.525	25
30	1121	332	563.625	12.525	25
30	1122	1732	538.575	12.525	25
30	1123	354	513.525	12.525	25
30	1124	1883	488.475	12.525	25
30	1125	745	463.425	12.525	25
30	1126	2409	438.375	12.525	25
30	1127	1495	413.325	12.525	25
30	1128	974	388.275	12.525	25
30	1129	1167	363.225	12.525	25
30	1130	878	338.175	12.525	25
30	1131	1114	313.125	12.525	25
30	1132	1984	288.075	12.525	25
30	1133	3370	263.025	12.525	25
30	1134	1116	237.975	12.525	25
30	1135	301	212.925	12.525	25
30	1136	2114	187.875	12.525	25
30	1137	2040	162.825	12.525	25
30	1138	3337	137.775	12.525	25
30	1139	530	112.725	12.525	25
30	1140	637	-112.725	12.525	25
30	1141	3395	-137.775	12.525	25
30	1142	2941	-162.825	12.525	25
30	1143	3318	-187.875	12.525	25
30	1144	3314	-212.925	12.525	25
30	1145	1839	-237.975	12.525	25
30	1146	1934	-263.025	12.525	25
30	1147	1801	-288.075	12.525	25
30	1148	468	-313.125	12.525	25
30	1149	3054	-338.175	12.525	25
30	1150	977	-363.225	12.525	25
30	1151	1149	-388.275	12.525	25
30	1152	747	-413.325	12.525	25
30	1153	2745	-438.375	12.525	25
30	1154	3193	-463.425	12.525	25
30	1155	606	-488.475	12.525	25
30	1156	917	-513.525	12.525	25
30	1157	3334	-538.575	12.525	25
30	1158	1548	-563.625	12.525	25
30	1159	168	-588.675	12.525	25
30	2478	1484	876.75	25.05	50
30	2479	1536	826.65	25.05	50
30	2480	184	776.55	25.05	50
30	2481	1785	726.45	25.05	50
30	2482	1917	676.35	25.05	50
30	2483	2647	626.25	25.05	50
30	2484	618	-626.25	25.05	50
30	2485	378	-676.35	25.05	50
30	2486	2005	-726.45	25.05	50
30	2487	578	-776.55	25.05	50
30	2488	714	-826.65	25.05	50
30	2489	2777	-876.75	25.05	50
31	1160	1181	588.675	37.575	25
31	1161	2617	563.625	37.575	25
31	1162	2532	538.575	37.575	25
31	1163	980	513.525	37.575	25
31	1164	1439	488.475	37.575	25
31	1165	1119	463.425	37.575	25
31	1166	2478	438.375	37.575	25
31	1167	736	413.325	37.575	25
31	1168	3194	388.275	37.575	25
31	1169	888	363.225	37.575	25
31	1170	1845	338.175	37.575	25
31	1171	2898	313.125	37.575	25
31	1172	1106	288.075	37.575	25
31	1173	1805	263.025	37.575	25
31	1174	2893	237.975	37.575	25
31	1175	2891	212.925	37.575	25
31	1176	2568	187.875	37.575	25
31	1177	3004	162.825	37.575	25
31	1178	1989	137.775	37.575	25
31	1179	470	112.725	37.575	25
31	1180	851	-112.725	37.575	25
31	1181	1761	-137.775	37.575	25
31	1182	1686	-162.825	37.575	25
31	1183	2573	-187.875	37.575	25
31	1184	565	-212.925	37.575	25
31	1185	3313	-237.975	37.575	25
31	1186	3311	-263.025	37.575	25
31	1187	2156	-288.075	37.575	25
31	1188	344	-313.125	37.575	25
31	1189	670	-338.175	37.575	25
31	1190	1267	-363.225	37.575	25
31	1191	1817	-388.275	37.575	25
31	1192	1152	-413.325	37.575	25
31	1193	987	-438.375	37.575	25
31	1194	948	-463.425	37.575	25
31	1195	709	-488.475	37.575	25
31	1196	1710	-513.525	37.575	25
31	1197	1623	-538.575	37.575	25
31	1198	1450	-563.625	37.575	25
31	1199	2616	-588.675	37.575	25
32	1200	2740	588.675	62.625	25
32	1201	940	563.625	62.625	25
32	1202	1275	538.575	62.625	25
32	1203	1315	513.525	62.625	25
32	1204	1195	488.475	62.625	25
32	1205	1081	463.425	62.625	25
32	1206	1280	438.375	62.625	25
32	1207	85	413.325	62.625	25
32	1208	1309	388.275	62.625	25
32	1209	306	363.225	62.625	25
32	1210	863	338.175	62.625	25
32	1211	2415	313.125	62.625	25
32	1212	1141	288.075	62.625	25
32	1213	2747	263.025	62.625	25
32	1214	2393	237.975	62.625	25
32	1215	1955	212.925	62.625	25
32	1216	2598	187.875	62.625	25
32	1217	2381	162.825	62.625	25
32	1218	870	137.775	62.625	25
32	1219	833	112.725	62.625	25
32	1220	931	-112.725	62.625	25
32	1221	2752	-137.775	62.625	25
32	1222	3533	-162.825	62.625	25
32	1223	3098	-187.875	62.625	25
32	1224	492	-212.925	62.625	25
32	1225	2118	-237.975	62.625	25
32	1226	1125	-263.025	62.625	25
32	1227	1140	-288.075	62.625	25
32	1228	1271	-313.125	62.625	25
32	1229	3390	-338.175	62.625	25
32	1230	1872	-363.225	62.625	25
32	1231	676	-388.275	62.625	25
32	1232	2660	-413.325	62.625	25
32	1233	2242	-438.375	62.625	25
32	1234	2100	-463.425	62.625	25
32	1235	2348	-488.475	62.625	25
32	1236	959	-513.525	62.625	25
32	1237	2337	-538.575	62.625	25
32	1238	1802	-563.625	62.625	25
32	1239	2606	-588.675	62.625	25
32	2490	729	876.75	75.15	50
32	2491	2566	826.65	75.15	50
32	2492	1061	776.55	75.15	50
32	2493	2846	726.45	75.15	50
32	2494	3475	676.35	75.15	50
32	2495	1539	626.25	75.15	50
32	2496	1161	-626.25	75.15	50
32	2497	1642	-676.35	75.15	50
32	2498	1020	-726.45	75.15	50
32	2499	1303	-776.55	75.15	50
32	2500	3151	-826.65	75.15	50
32	2501	2216	-876.75	75.15	50
33	1240	1515	588.675	87.675	25
33	1241	1145	563.625	87.675	25
33	1242	2064	538.575	87.675	25
33	1243	1884	513.525	87.675	25
33	1244	1596	488.475	87.675	25
33	1245	2202	463.425	87.675	25
33	1246	2296	438.375	87.675	25
33	1247	1382	413.325	87.675	25
33	1248	1368	388.275	87.675	25
33	1249	3512	363.225	87.675	25
33	1250	3169	338.175	87.675	25
33	1251	3510	313.125	87.675	25
33	1252	695	288.075	87.675	25
33	1253	1139	263.025	87.675	25
33	1254	491	237.975	87.675	25
33	1255	343	212.925	87.675	25
33	1256	3030	187.875	87.675	25
33	1257	832	162.825	87.675	25
33	1258	926	137.775	87.675	25
33	1259	2155	112.725	87.675	25
33	1260	362	-112.725	87.675	25
33	1261	1403	-137.775	87.675	25
33	1262	302	-162.825	87.675	25
33	1263	2407	-187.875	87.675	25
33	1264	523	-212.925	87.675	25
33	1265	500	-237.975	87.675	25
33	1266	1662	-263.025	87.675	25
33	1267	874	-288.075	87.675	25
33	1268	3026	-313.125	87.675	25
33	1269	365	-338.175	87.675	25
33	1270	3497	-363.225	87.675	25
33	1271	1123	-388.275	87.675	25
33	1272	2349	-413.325	87.675	25
33	1273	739	-438.375	87.675	25
33	1274	1629	-463.425	87.675	25
33	1275	2227	-488.475	87.675	25
33	1276	376	-513.525	87.675	25
33	1277	1113	-538.575	87.675	25
33	1278	1248	-563.625	87.675	25
33	1279	1426	-588.675	87.675	25
34	1280	2405	588.675	112.725	25
34	1281	1197	563.625	112.725	25
34	1282	2957	538.575	112.725	25
34	1283	1806	513.525	112.725	25
34	1284	2044	488.475	112.725	25
34	1285	1077	463.425	112.725	25
34	1286	1922	438.375	112.725	25
34	1287	1318	413.325	112.725	25
34	1288	2553	388.275	112.725	25
34	1289	2930	363.225	112.725	25
34	1290	2037	338.175	112.725	25
34	1291	1398	313.125	112.725	25
34	1292	1135	288.075	112.725	25
34	1293	1229	263.025	112.725	25
34	1294	1232	237.975	112.725	25
34	1295	883	212.925	112.725	25
34	1296	3099	187.875	112.725	25
34	1297	102	162.825	112.725	25
34	1298	2928	137.775	112.725	25
34	1299	3272	112.725	112.725	25
34	1300	3536	87.675	112.725	25
34	1301	2571	62.625	112.725	25
34	1302	1681	37.575	112.725	25
34	1303	2038	12.525	112.725	25
34	1304	366	-12.525	112.725	25
34	1305	3532	-37.575	112.725	25
34	1306	3520	-62.625	112.725	25
34	1307	3513	-87.675	112.725	25
34	1308	1138	-112.725	112.725	25
34	1309	1220	-137.775	112.725	25
34	1310	1396	-162.825	112.725	25
34	1311	1404	-187.875	112.725	25
34	1312	3215	-212.925	112.725	25
34	1313	2892	-237.975	112.725	25
34	1314	2103	-263.025	112.725	25
34	1315	879	-288.075	112.725	25
34	1316	1327	-313.125	112.725	25
34	1317	960	-338.175	112.725	25
34	1318	352	-363.225	112.725	25
34	1319	1395	-388.275	112.725	25
34	1320	753	-413.325	112.725	25
34	1321	1154	-438.375	112.725	25
34	1322	1176	-463.425	112.725	25
34	1323	1168	-488.475	112.725	25
34	1324	2650	-513.525	112.725	25
34	1325	2260	-538.575	112.725	25
34	1326	1170	-563.625	112.725	25
34	1327	2187	-588.675	112.725	25
34	2502	296	876.75	125.25	50
34	2503	716	826.65	125.25	50
34	2504	1651	776.55	125.25	50
34	2505	2679	726.45	125.25	50
34	2506	780	676.35	125.25	50
34	2507	3147	626.25	125.25	50
34	2508	728	-626.25	125.25	50
34	2509	2680	-676.35	125.25	50
34	2510	1477	-726.45	125.25	50
34	2511	1650	-776.55	125.25	50
34	2512	483	-826.65	125.25	50
34	2513	1519	-876.75	125.25	50
35	1328	1620	588.675	137.775	25
35	1329	3033	563.625	137.775	25
35	1330	2543	538.575	137.775	25
35	1331	138	513.525	137.775	25
35	1332	1112	488.475	137.775	25
35	1333	1080	463.425	137.775	25
35	1334	2464	438.375	137.775	25
35	1335	137	413.325	137.775	25
35	1336	81	388.275	137.775	25
35	1337	1231	363.225	137.775	25
35	1338	3096	338.175	137.775	25
35	1339	3228	313.125	137.775	25
35	1340	2956	288.075	137.775	25
35	1341	2967	263.025	137.775	25
35	1342	1200	237.975	137.775	25
35	1343	2709	212.925	137.775	25
35	1344	3509	187.875	137.775	25
35	1345	831	162.825	137.775	25
35	1346	1324	137.775	137.775	25
35	1347	1995	112.725	137.775	25
35	1348	2391	87.675	137.775	25
35	1349	1408	62.625	137.775	25
35	1350	473	37.575	137.775	25
35	1351	513	12.525	137.775	25
35	1352	556	-12.525	137.775	25
35	1353	834	-37.575	137.775	25
35	1354	1221	-62.625	137.775	25
35	1355	1452	-87.675	137.775	25
35	1356	1925	-112.725	137.775	25
35	1357	563	-137.775	137.775	25
35	1358	525	-162.825	137.775	25
35	1359	1768	-187.875	137.775	25
35	1360	1449	-212.925	137.775	25
35	1361	2396	-237.975	137.775	25
35	1362	1115	-263.025	137.775	25
35	1363	891	-288.075	137.775	25
35	1364	1121	-313.125	137.775	25
35	1365	3031	-338.175	137.775	25
35	1366	3217	-363.225	137.775	25
35	1367	1775	-388.275	137.775	25
35	1368	776	-413.325	137.775	25
35	1369	2803	-438.375	137.775	25
35	1370	1383	-463.425	137.775	25
35	1371	418	-488.475	137.775	25
35	1372	1975	-513.525	137.775	25
35	1373	1689	-538.575	137.775	25
35	1374	2697	-563.625	137.775	25
35	1375	222	-588.675	137.775	25
36	1376	1142	588.675	162.825	25
36	1377	2339	563.625	162.825	25
36	1378	1947	538.575	162.825	25
36	1379	950	513.525	162.825	25
36	1380	2654	488.475	162.825	25
36	1381	1076	463.425	162.825	25
36	1382	1144	438.375	162.825	25
36	1383	915	413.325	162.825	25
36	1384	2572	388.275	162.825	25
36	1385	1226	363.225	162.825	25
36	1386	1952	338.175	162.825	25
36	1387	2795	313.125	162.825	25
36	1388	2154	288.075	162.825	25
36	1389	2557	263.025	162.825	25
36	1390	488	237.975	162.825	25
36	1391	2116	212.925	162.825	25
36	1392	641	187.875	162.825	25
36	1393	1956	162.825	162.825	25
36	1394	3369	137.775	162.825	25
36	1395	1328	112.725	162.825	25
36	1396	1756	87.675	162.825	25
36	1397	2939	62.625	162.825	25
36	1398	1387	37.575	162.825	25
36	1399	279	12.525	162.825	25
36	1400	3082	-12.525	162.825	25
36	1401	494	-37.575	162.825	25
36	1402	647	-62.625	162.825	25
36	1403	524	-87.675	162.825	25
36	1404	2903	-112.725	162.825	25
36	1405	2570	-137.775	162.825	25
36	1406	3092	-162.825	162.825	25
36	1407	1103	-187.875	162.825	25
36	1408	593	-212.925	162.825	25
36	1409	3274	-237.975	162.825	25
36	1410	1953	-263.025	162.825	25
36	1411	2411	-288.075	162.825	25
36	1412	198	-313.125	162.825	25
36	1413	1776	-338.175	162.825	25
36	1414	346	-363.225	162.825	25
36	1415	1699	-388.275	162.825	25
36	1416	178	-413.325	162.825	25
36	1417	1440	-438.375	162.825	25
36	1418	933	-463.425	162.825	25
36	1419	1593	-488.475	162.825	25
36	1420	3198	-513.525	162.825	25
36	1421	2239	-538.575	162.825	25
36	1422	373	-563.625	162.825	25
36	1423	1777	-588.675	162.825	25
36	2514	1740	876.75	175.35	50
36	2515	572	826.65	175.35	50
36	2516	1478	776.55	175.35	50
36	2517	1482	726.45	175.35	50
36	2518	1025	676.35	175.35	50
36	2519	458	626.25	175.35	50
36	2520	2471	-626.25	175.35	50
36	2521	538	-676.35	175.35	50
36	2522	1786	-726.45	175.35	50
36	2523	3283	-776.55	175.35	50
36	2524	910	-826.65	175.35	50
36	2525	2173	-876.75	175.35	50
37	1424	1796	588.675	187.875	25
37	1425	552	563.625	187.875	25
37	1426	1830	538.575	187.875	25
37	1427	941	513.525	187.875	25
37	1428	774	488.475	187.875	25
37	1429	1150	463.425	187.875	25
37	1430	744	438.375	187.875	25
37	1431	369	413.325	187.875	25
37	1432	1105	388.275	187.875	25
37	1433	3496	363.225	187.875	25
37	1434	1461	338.175	187.875	25
37	1435	1405	313.125	187.875	25
37	1436	1628	288.075	187.875	25
37	1437	1680	263.025	187.875	25
37	1438	1107	237.975	187.875	25
37	1439	2931	212.925	187.875	25
37	1440	443	187.875	187.875	25
37	1441	308	162.825	187.875	25
37	1442	467	137.775	187.875	25
37	1443	2755	112.725	187.875	25
37	1444	445	87.675	187.875	25
37	1445	3018	62.625	187.875	25
37	1446	345	37.575	187.875	25
37	1447	363	12.525	187.875	25
37	1448	531	-12.525	187.875	25
37	1449	3216	-37.575	187.875	25
37	1450	3338	-62.625	187.875	25
37	1451	2865	-87.675	187.875	25
37	1452	1134	-112.725	187.875	25
37	1453	2937	-137.775	187.875	25
37	1454	1192	-162.825	187.875	25
37	1455	521	-187.875	187.875	25
37	1456	2194	-212.925	187.875	25
37	1457	2932	-237.975	187.875	25
37	1458	3219	-263.025	187.875	25
37	1459	505	-288.075	187.875	25
37	1460	2599	-313.125	187.875	25
37	1461	3122	-338.175	187.875	25
37	1462	3106	-363.225	187.875	25
37	1463	1207	-388.275	187.875	25
37	1464	3119	-413.325	187.875	25
37	1465	1180	-438.375	187.875	25
37	1466	2066	-463.425	187.875	25
37	1467	1619	-488.475	187.875	25
37	1468	1435	-513.525	187.875	25
37	1469	1510	-538.575	187.875	25
37	1470	2421	-563.625	187.875	25
37	1471	952	-588.675	187.875	25
38	1472	2530	588.675	212.925	25
38	1473	1599	563.625	212.925	25
38	1474	1930	538.575	212.925	25
38	1475	1616	513.525	212.925	25
38	1476	3526	488.475	212.925	25
38	1477	766	463.425	212.925	25
38	1478	447	438.375	212.925	25
38	1479	2462	413.325	212.925	25
38	1480	2622	388.275	212.925	25
38	1481	2361	363.225	212.925	25
38	1482	957	338.175	212.925	25
38	1483	3516	313.125	212.925	25
38	1484	2199	288.075	212.925	25
38	1485	2416	263.025	212.925	25
38	1486	1678	237.975	212.925	25
38	1487	517	212.925	212.925	25
38	1488	3227	187.875	212.925	25
38	1489	1196	162.825	212.925	25
38	1490	955	137.775	212.925	25
38	1491	3349	112.725	212.925	25
38	1492	2894	87.675	212.925	25
38	1493	1276	62.625	212.925	25
38	1494	1098	37.575	212.925	25
38	1495	1128	12.525	212.925	25
38	1496	3086	-12.525	212.925	25
38	1497	361	-37.575	212.925	25
38	1498	278	-62.625	212.925	25
38	1499	394	-87.675	212.925	25
38	1500	2794	-112.725	212.925	25
38	1501	360	-137.775	212.925	25
38	1502	3344	-162.825	212.925	25
38	1503	1462	-187.875	212.925	25
38	1504	2746	-212.925	212.925	25
38	1505	927	-237.975	212.925	25
38	1506	3100	-263.025	212.925	25
38	1507	3125	-288.075	212.925	25
38	1508	2196	-313.125	212.925	25
38	1509	1949	-338.175	212.925	25
38	1510	773	-363.225	212.925	25
38	1511	1219	-388.275	212.925	25
38	1512	3264	-413.325	212.925	25
38	1513	1143	-438.375	212.925	25
38	1514	1078	-463.425	212.925	25
38	1515	1249	-488.475	212.925	25
38	1516	313	-513.525	212.925	25
38	1517	3517	-538.575	212.925	25
38	1518	1004	-563.625	212.925	25
38	1519	2687	-588.675	212.925	25
38	2526	1088	876.75	225.45	50
38	2527	1942	826.65	225.45	50
38	2528	537	776.55	225.45	50
38	2529	794	726.45	225.45	50
38	2530	545	676.35	225.45	50
38	2531	2491	626.25	225.45	50
38	2532	475	-626.25	225.45	50
38	2533	478	-676.35	225.45	50
38	2534	2844	-726.45	225.45	50
38	2535	2766	-776.55	225.45	50
38	2536	534	-826.65	225.45	50
38	2537	1349	-876.75	225.45	50
39	1520	560	588.675	237.975	25
39	1521	3498	563.625	237.975	25
39	1522	1199	538.575	237.975	25
39	1523	2068	513.525	237.975	25
39	1524	2051	488.475	237.975	25
39	1525	759	463.425	237.975	25
39	1526	2661	438.375	237.975	25
39	1527	775	413.325	237.975	25
39	1528	1687	388.275	237.975	25
39	1529	2933	363.225	237.975	25
39	1530	1399	338.175	237.975	25
39	1531	2726	313.125	237.975	25
39	1532	932	288.075	237.975	25
39	1533	3120	263.025	237.975	25
39	1534	3103	237.975	237.975	25
39	1535	922	212.925	237.975	25
39	1536	1402	187.875	237.975	25
39	1537	3108	162.825	237.975	25
39	1538	2954	137.775	237.975	25
39	1539	1895	112.725	237.975	25
39	1540	1129	87.675	237.975	25
39	1541	2927	62.625	237.975	25
39	1542	924	37.575	237.975	25
39	1543	2586	12.525	237.975	25
39	1544	1893	-12.525	237.975	25
39	1545	3133	-37.575	237.975	25
39	1546	1673	-62.625	237.975	25
39	1547	417	-87.675	237.975	25
39	1548	881	-112.725	237.975	25
39	1549	1325	-137.775	237.975	25
39	1550	1102	-162.825	237.975	25
39	1551	3350	-187.875	237.975	25
39	1552	772	-212.925	237.975	25
39	1553	3134	-237.975	237.975	25
39	1554	1885	-263.025	237.975	25
39	1555	1600	-288.075	237.975	25
39	1556	1133	-313.125	237.975	25
39	1557	472	-338.175	237.975	25
39	1558	3209	-363.225	237.975	25
39	1559	2544	-388.275	237.975	25
39	1560	1543	-413.325	237.975	25
39	1561	1497	-438.375	237.975	25
39	1562	2417	-463.425	237.975	25
39	1563	2285	-488.475	237.975	25
39	1564	3081	-513.525	237.975	25
39	1565	1036	-538.575	237.975	25
39	1566	2613	-563.625	237.975	25
39	1567	3212	-588.675	237.975	25
40	1568	982	588.675	263.025	25
40	1569	1268	563.625	263.025	25
40	1570	3207	538.575	263.025	25
40	1571	2434	513.525	263.025	25
40	1572	508	488.475	263.025	25
40	1573	595	463.425	263.025	25
40	1574	3280	438.375	263.025	25
40	1575	836	413.325	263.025	25
40	1576	2545	388.275	263.025	25
40	1577	1752	363.225	263.025	25
40	1578	372	338.175	263.025	25
40	1579	3080	313.125	263.025	25
40	1580	777	288.075	263.025	25
40	1581	889	263.025	263.025	25
40	1582	3248	237.975	263.025	25
40	1583	1407	212.925	263.025	25
40	1584	2934	187.875	263.025	25
40	1585	3218	162.825	263.025	25
40	1586	1052	137.775	263.025	25
40	1587	928	112.725	263.025	25
40	1588	944	87.675	263.025	25
40	1589	1193	62.625	263.025	25
40	1590	1101	37.575	263.025	25
40	1591	989	12.525	263.025	25
40	1592	937	-12.525	263.025	25
40	1593	1043	-37.575	263.025	25
40	1594	3094	-62.625	263.025	25
40	1595	1054	-87.675	263.025	25
40	1596	1669	-112.725	263.025	25
40	1597	1245	-137.775	263.025	25
40	1598	3057	-162.825	263.025	25
40	1599	1044	-187.875	263.025	25
40	1600	1227	-212.925	263.025	25
40	1601	2465	-237.975	263.025	25
40	1602	869	-263.025	263.025	25
40	1603	985	-288.075	263.025	25
40	1604	984	-313.125	263.025	25
40	1605	771	-338.175	263.025	25
40	1606	1406	-363.225	263.025	25
40	1607	861	-388.275	263.025	25
40	1608	935	-413.325	263.025	25
40	1609	2236	-438.375	263.025	25
40	1610	1260	-463.425	263.025	25
40	1611	2515	-488.475	263.025	25
40	1612	2197	-513.525	263.025	25
40	1613	3232	-538.575	263.025	25
40	1614	2942	-563.625	263.025	25
40	1615	769	-588.675	263.025	25
40	2539	2016	826.65	275.55	50
40	2540	2948	776.55	275.55	50
40	2541	3404	726.45	275.55	50
40	2542	711	676.35	275.55	50
40	2543	3270	626.25	275.55	50
40	2544	1691	-626.25	275.55	50
40	2545	1881	-676.35	275.55	50
40	2546	1293	-726.45	275.55	50
40	2547	461	-776.55	275.55	50
40	2548	2645	-826.65	275.55	50
41	1616	2087	588.675	288.075	25
41	1617	152	563.625	288.075	25
41	1618	474	538.575	288.075	25
41	1619	1035	513.525	288.075	25
41	1620	1319	488.475	288.075	25
41	1621	850	463.425	288.075	25
41	1622	3464	438.375	288.075	25
41	1623	2412	413.325	288.075	25
41	1624	2785	388.275	288.075	25
41	1625	1050	363.225	288.075	25
41	1626	3107	338.175	288.075	25
41	1627	3343	313.125	288.075	25
41	1628	843	288.075	288.075	25
41	1629	2065	263.025	288.075	25
41	1630	2756	237.975	288.075	25
41	1631	1118	212.925	288.075	25
41	1632	315	187.875	288.075	25
41	1633	3279	162.825	288.075	25
41	1634	2500	137.775	288.075	25
41	1635	84	112.725	288.075	25
41	1636	862	87.675	288.075	25
41	1637	1005	62.625	288.075	25
41	1638	3213	37.575	288.075	25
41	1639	2081	12.525	288.075	25
41	1640	3022	-12.525	288.075	25
41	1641	983	-37.575	288.075	25
41	1642	2423	-62.625	288.075	25
41	1643	760	-87.675	288.075	25
41	1644	976	-112.725	288.075	25
41	1645	395	-137.775	288.075	25
41	1646	1982	-162.825	288.075	25
41	1647	3534	-187.875	288.075	25
41	1648	758	-212.925	288.075	25
41	1649	1311	-237.975	288.075	25
41	1650	1513	-263.025	288.075	25
41	1651	2021	-288.075	288.075	25
41	1652	1427	-313.125	288.075	25
41	1653	3019	-338.175	288.075	25
41	1654	2052	-363.225	288.075	25
41	1655	311	-388.275	288.075	25
41	1656	399	-413.325	288.075	25
41	1657	990	-438.375	288.075	25
41	1658	3121	-463.425	288.075	25
41	1659	324	-488.475	288.075	25
41	1660	350	-513.525	288.075	25
41	1661	1191	-538.575	288.075	25
41	1662	1177	-563.625	288.075	25
41	1663	3255	-588.675	288.075	25
42	1664	1950	588.675	313.125	25
42	1665	2264	563.625	313.125	25
42	1666	761	538.575	313.125	25
42	1667	1727	513.525	313.125	25
42	1668	978	488.475	313.125	25
42	1669	2887	463.425	313.125	25
42	1670	3348	438.375	313.125	25
42	1671	2388	413.325	313.125	25
42	1672	1042	388.275	313.125	25
42	1673	2612	363.225	313.125	25
42	1674	1051	338.175	313.125	25
42	1675	3123	313.125	313.125	25
42	1676	2494	288.075	313.125	25
42	1677	2225	263.025	313.125	25
42	1678	3048	237.975	313.125	25
42	1679	3335	212.925	313.125	25
42	1680	389	187.875	313.125	25
42	1681	1590	162.825	313.125	25
42	1682	3029	137.775	313.125	25
42	1683	3538	112.725	313.125	25
42	1684	2438	87.675	313.125	25
42	1685	2676	62.625	313.125	25
42	1686	848	37.575	313.125	25
42	1687	991	12.525	313.125	25
42	1688	1770	-12.525	313.125	25
42	1689	2611	-37.575	313.125	25
42	1690	3238	-62.625	313.125	25
42	1691	3341	-87.675	313.125	25
42	1692	1800	-112.725	313.125	25
42	1693	1307	-137.775	313.125	25
42	1694	961	-162.825	313.125	25
42	1695	2094	-187.875	313.125	25
42	1696	3220	-212.925	313.125	25
42	1697	1053	-237.975	313.125	25
42	1698	3073	-263.025	313.125	25
42	1699	2757	-288.075	313.125	25
42	1700	3101	-313.125	313.125	25
42	1701	3233	-338.175	313.125	25
42	1702	3351	-363.225	313.125	25
42	1703	3226	-388.275	313.125	25
42	1704	1041	-413.325	313.125	25
42	1705	1046	-438.375	313.125	25
42	1706	2039	-463.425	313.125	25
42	1707	1082	-488.475	313.125	25
42	1708	1011	-513.525	313.125	25
42	1709	1001	-538.575	313.125	25
42	1710	232	-563.625	313.125	25
42	1711	992	-588.675	313.125	25
42	2550	3415	826.65	325.65	50
42	2551	1334	776.55	325.65	50
42	2552	1736	726.45	325.65	50
42	2553	2308	676.35	325.65	50
42	2554	3354	626.25	325.65	50
42	2555	619	-626.25	325.65	50
42	2556	909	-676.35	325.65	50
42	2557	2640	-726.45	325.65	50
42	2558	550	-776.55	325.65	50
42	2559	1906	-826.65	325.65	50
43	1712	3055	588.675	338.175	25
43	1713	3056	563.625	338.175	25
43	1714	2675	538.575	338.175	25
43	1715	3074	513.525	338.175	25
43	1716	3028	488.475	338.175	25
43	1717	2265	463.425	338.175	25
43	1718	2915	438.375	338.175	25
43	1719	702	413.325	338.175	25
43	1720	3091	388.275	338.175	25
43	1721	3222	363.225	338.175	25
43	1722	975	338.175	338.175	25
43	1723	1045	313.125	338.175	25
43	1724	3017	288.075	338.175	25
43	1725	1971	263.025	338.175	25
43	1726	3237	237.975	338.175	25
43	1727	3340	212.925	338.175	25
43	1728	3236	187.875	338.175	25
43	1729	1722	162.825	338.175	25
43	1730	516	137.775	338.175	25
43	1731	1365	112.725	338.175	25
43	1732	1055	87.675	338.175	25
43	1733	3124	62.625	338.175	25
43	1734	1002	37.575	338.175	25
43	1735	3075	12.525	338.175	25
43	1736	3211	-12.525	338.175	25
43	1737	3224	-37.575	338.175	25
43	1738	3242	-62.625	338.175	25
43	1739	3347	-87.675	338.175	25
43	1740	557	-112.725	338.175	25
43	1741	2511	-137.775	338.175	25
43	1742	2436	-162.825	338.175	25
43	1743	3027	-187.875	338.175	25
43	1744	1265	-212.925	338.175	25
43	1745	2964	-237.975	338.175	25
43	1746	2885	-263.025	338.175	25
43	1747	3105	-288.075	338.175	25
43	1748	2245	-313.125	338.175	25
43	1749	2106	-338.175	338.175	25
43	1750	275	-363.225	338.175	25
43	1751	3229	-388.275	338.175	25
43	1752	237	-413.325	338.175	25
43	1753	3275	-438.375	338.175	25
43	1754	2402	-463.425	338.175	25
43	1755	942	-488.475	338.175	25
43	1756	2343	-513.525	338.175	25
43	1757	2512	-538.575	338.175	25
43	1758	2666	-563.625	338.175	25
43	1759	1419	-588.675	338.175	25
44	1760	1109	588.675	363.225	25
44	1761	1074	563.625	363.225	25
44	1762	2431	538.575	363.225	25
44	1763	1386	513.525	363.225	25
44	1764	3239	488.475	363.225	25
44	1765	2914	463.425	363.225	25
44	1766	135	438.375	363.225	25
44	1767	986	413.325	363.225	25
44	1768	169	388.275	363.225	25
44	1769	2768	363.225	363.225	25
44	1770	195	338.175	363.225	25
44	1771	2151	313.125	363.225	25
44	1772	1240	288.075	363.225	25
44	1773	2050	263.025	363.225	25
44	1774	1781	237.975	363.225	25
44	1775	207	212.925	363.225	25
44	1776	988	187.875	363.225	25
44	1777	2597	162.825	363.225	25
44	1778	2047	137.775	363.225	25
44	1779	998	112.725	363.225	25
44	1780	2433	87.675	363.225	25
44	1781	2674	62.625	363.225	25
44	1782	2904	37.575	363.225	25
44	1783	3102	12.525	363.225	25
44	1784	1111	-12.525	363.225	25
44	1785	194	-37.575	363.225	25
44	1786	2497	-62.625	363.225	25
44	1787	3083	-87.675	363.225	25
44	1788	2911	-112.725	363.225	25
44	1789	193	-137.775	363.225	25
44	1790	446	-162.825	363.225	25
44	1791	3265	-187.875	363.225	25
44	1792	3117	-212.925	363.225	25
44	1793	1414	-237.975	363.225	25
44	1794	3262	-263.025	363.225	25
44	1795	388	-288.075	363.225	25
44	1796	946	-313.125	363.225	25
44	1797	3137	-338.175	363.225	25
44	1798	2788	-363.225	363.225	25
44	1799	2277	-388.275	363.225	25
44	1800	953	-413.325	363.225	25
44	1801	3084	-438.375	363.225	25
44	1802	402	-463.425	363.225	25
44	1803	3141	-488.475	363.225	25
44	1804	2856	-513.525	363.225	25
44	1805	1040	-538.575	363.225	25
44	1806	3129	-563.625	363.225	25
44	1807	2095	-588.675	363.225	25
44	2561	2812	776.55	375.75	50
44	2562	1354	726.45	375.75	50
44	2563	3366	676.35	375.75	50
44	2564	3363	626.25	375.75	50
44	2565	2075	-626.25	375.75	50
44	2566	1961	-676.35	375.75	50
44	2567	3361	-726.45	375.75	50
44	2568	1063	-776.55	375.75	50
45	1808	264	588.675	388.275	25
45	1809	2527	563.625	388.275	25
45	1810	2432	538.575	388.275	25
45	1811	1892	513.525	388.275	25
45	1812	1007	488.475	388.275	25
45	1813	2671	463.425	388.275	25
45	1814	2857	438.375	388.275	25
45	1815	419	413.325	388.275	25
45	1816	2695	388.275	388.275	25
45	1817	2802	363.225	388.275	25
45	1818	1980	338.175	388.275	25
45	1819	134	313.125	388.275	25
45	1820	124	288.075	388.275	25
45	1821	1009	263.025	388.275	25
45	1822	2800	237.975	388.275	25
45	1823	3521	212.925	388.275	25
45	1824	633	187.875	388.275	25
45	1825	2618	162.825	388.275	25
45	1826	1979	137.775	388.275	25
45	1827	139	112.725	388.275	25
45	1828	2608	87.675	388.275	25
45	1829	1815	62.625	388.275	25
45	1830	2090	37.575	388.275	25
45	1831	323	12.525	388.275	25
45	1832	3243	-12.525	388.275	25
45	1833	1772	-37.575	388.275	25
45	1834	2186	-62.625	388.275	25
45	1835	1010	-87.675	388.275	25
45	1836	3059	-112.725	388.275	25
45	1837	3488	-137.775	388.275	25
45	1838	401	-162.825	388.275	25
45	1839	2258	-187.875	388.275	25
45	1840	265	-212.925	388.275	25
45	1841	2499	-237.975	388.275	25
45	1842	1448	-263.025	388.275	25
45	1843	1242	-288.075	388.275	25
45	1844	180	-313.125	388.275	25
45	1845	3535	-338.175	388.275	25
45	1846	179	-363.225	388.275	25
45	1847	2888	-388.275	388.275	25
45	1848	3461	-413.325	388.275	25
45	1849	1977	-438.375	388.275	25
45	1850	2422	-463.425	388.275	25
45	1851	3126	-488.475	388.275	25
45	1852	1247	-513.525	388.275	25
45	1853	1108	-538.575	388.275	25
45	1854	956	-563.625	388.275	25
45	1855	2610	-588.675	388.275	25
46	1856	164	588.675	413.325	25
46	1857	2496	563.625	413.325	25
46	1858	1627	538.575	413.325	25
46	1859	882	513.525	413.325	25
46	1860	490	488.475	413.325	25
46	1861	2430	463.425	413.325	25
46	1862	65	438.375	413.325	25
46	1863	2514	413.325	413.325	25
46	1864	1668	388.275	413.325	25
46	1865	341	363.225	413.325	25
46	1866	2179	338.175	413.325	25
46	1867	2504	313.125	413.325	25
46	1868	741	288.075	413.325	25
46	1869	587	263.025	413.325	25
46	1870	398	237.975	413.325	25
46	1871	136	212.925	413.325	25
46	1872	3088	187.875	413.325	25
46	1873	1750	162.825	413.325	25
46	1874	1155	137.775	413.325	25
46	1875	1488	112.725	413.325	25
46	1876	567	87.675	413.325	25
46	1877	3104	62.625	413.325	25
46	1878	943	37.575	413.325	25
46	1879	1308	12.525	413.325	25
46	1880	2593	-12.525	413.325	25
46	1881	157	-37.575	413.325	25
46	1882	3251	-62.625	413.325	25
46	1883	884	-87.675	413.325	25
46	1884	2366	-112.725	413.325	25
46	1885	2689	-137.775	413.325	25
46	1886	3511	-162.825	413.325	25
46	1887	3495	-187.875	413.325	25
46	1888	2466	-212.925	413.325	25
46	1889	1819	-237.975	413.325	25
46	1890	1972	-263.025	413.325	25
46	1891	2246	-288.075	413.325	25
46	1892	963	-313.125	413.325	25
46	1893	364	-338.175	413.325	25
46	1894	1563	-363.225	413.325	25
46	1895	3252	-388.275	413.325	25
46	1896	1442	-413.325	413.325	25
46	1897	1438	-438.375	413.325	25
46	1898	1886	-463.425	413.325	25
46	1899	3052	-488.475	413.325	25
46	1900	1734	-513.525	413.325	25
46	1901	2036	-538.575	413.325	25
46	1902	1601	-563.625	413.325	25
46	1903	2089	-588.675	413.325	25
46	2570	2002	776.55	425.85	50
46	2571	1484	726.45	425.85	50
46	2572	1026	676.35	425.85	50
46	2573	729	626.25	425.85	50
46	2574	860	-626.25	425.85	50
46	2575	797	-676.35	425.85	50
46	2576	1156	-726.45	425.85	50
46	2577	1060	-776.55	425.85	50
47	1904	1931	588.675	438.375	25
47	1905	1000	563.625	438.375	25
47	1906	421	538.575	438.375	25
47	1907	3515	513.525	438.375	25
47	1908	422	488.475	438.375	25
47	1909	1147	463.425	438.375	25
47	1910	1795	438.375	438.375	25
47	1911	1205	413.325	438.375	25
47	1912	2026	388.275	438.375	25
47	1913	2862	363.225	438.375	25
47	1914	837	338.175	438.375	25
47	1915	768	313.125	438.375	25
47	1916	3531	288.075	438.375	25
47	1917	146	263.025	438.375	25
47	1918	91	237.975	438.375	25
47	1919	2153	212.925	438.375	25
47	1920	2656	187.875	438.375	25
47	1921	1190	162.825	438.375	25
47	1922	2185	137.775	438.375	25
47	1923	3045	112.725	438.375	25
47	1924	158	87.675	438.375	25
47	1925	1422	62.625	438.375	25
47	1926	2025	37.575	438.375	25
47	1927	2607	12.525	438.375	25
47	1928	2364	-12.525	438.375	25
47	1929	1003	-37.575	438.375	25
47	1930	1498	-62.625	438.375	25
47	1931	3087	-87.675	438.375	25
47	1932	1424	-112.725	438.375	25
47	1933	1375	-137.775	438.375	25
47	1934	1891	-162.825	438.375	25
47	1935	1559	-187.875	438.375	25
47	1936	263	-212.925	438.375	25
47	1937	2034	-237.975	438.375	25
47	1938	700	-263.025	438.375	25
47	1939	449	-288.075	438.375	25
47	1940	2463	-313.125	438.375	25
47	1941	2105	-338.175	438.375	25
47	1942	3433	-363.225	438.375	25
47	1943	1706	-388.275	438.375	25
47	1944	2748	-413.325	438.375	25
47	1945	2271	-438.375	438.375	25
47	1946	2902	-463.425	438.375	25
47	1947	3050	-488.475	438.375	25
47	1948	3505	-513.525	438.375	25
47	1949	3039	-538.575	438.375	25
47	1950	2359	-563.625	438.375	25
47	1951	310	-588.675	438.375	25
48	1952	2207	588.675	463.425	25
48	1953	1500	563.625	463.425	25
48	1954	1898	538.575	463.425	25
48	1955	2658	513.525	463.425	25
48	1956	1071	488.475	463.425	25
48	1957	1283	463.425	463.425	25
48	1958	2621	438.375	463.425	25
48	1959	1927	413.325	463.425	25
48	1960	3051	388.275	463.425	25
48	1961	584	363.225	463.425	25
48	1962	2294	338.175	463.425	25
48	1963	605	313.125	463.425	25
48	1964	106	288.075	463.425	25
48	1965	2474	263.025	463.425	25
48	1966	3049	237.975	463.425	25
48	1967	1558	212.925	463.425	25
48	1968	2067	187.875	463.425	25
48	1969	1718	162.825	463.425	25
48	1970	2223	137.775	463.425	25
48	1971	2435	112.725	463.425	25
48	1972	2531	87.675	463.425	25
48	1973	704	62.625	463.425	25
48	1974	2955	37.575	463.425	25
48	1975	939	12.525	463.425	25
48	1976	511	-12.525	463.425	25
48	1977	2796	-37.575	463.425	25
48	1978	2031	-62.625	463.425	25
48	1979	1255	-87.675	463.425	25
48	1980	1890	-112.725	463.425	25
48	1981	1492	-137.775	463.425	25
48	1982	2092	-162.825	463.425	25
48	1983	2426	-187.875	463.425	25
48	1984	1960	-212.925	463.425	25
48	1985	997	-237.975	463.425	25
48	1986	2787	-263.025	463.425	25
48	1987	2234	-288.075	463.425	25
48	1988	3053	-313.125	463.425	25
48	1989	3336	-338.175	463.425	25
48	1990	2208	-363.225	463.425	25
48	1991	2193	-388.275	463.425	25
48	1992	2901	-413.325	463.425	25
48	1993	1759	-438.375	463.425	25
48	1994	2657	-463.425	463.425	25
48	1995	767	-488.475	463.425	25
48	1996	1990	-513.525	463.425	25
48	1997	2455	-538.575	463.425	25
48	1998	2099	-563.625	463.425	25
48	1999	2481	-588.675	463.425	25
48	2578	1583	776.55	475.95	50
48	2579	1331	726.45	475.95	50
48	2580	2302	676.35	475.95	50
48	2581	2357	626.25	475.95	50
48	2582	632	-626.25	475.95	50
48	2583	3429	-676.35	475.95	50
48	2584	1646	-726.45	475.95	50
48	2585	626	-776.55	475.95	50
49	2000	3241	588.675	488.475	25
49	2001	2439	563.625	488.475	25
49	2002	2287	538.575	488.475	25
49	2003	1926	513.525	488.475	25
49	2004	2231	488.475	488.475	25
49	2005	2243	463.425	488.475	25
49	2006	1132	438.375	488.475	25
49	2007	2206	413.325	488.475	25
49	2008	2475	388.275	488.475	25
49	2009	1008	363.225	488.475	25
49	2010	1921	338.175	488.475	25
49	2011	2082	313.125	488.475	25
49	2012	1983	288.075	488.475	25
49	2013	2505	263.025	488.475	25
49	2014	233	237.975	488.475	25
49	2015	601	212.925	488.475	25
49	2016	1715	187.875	488.475	25
49	2017	1554	162.825	488.475	25
49	2018	3130	137.775	488.475	25
49	2019	2338	112.725	488.475	25
49	2020	2229	87.675	488.475	25
49	2021	1597	62.625	488.475	25
49	2022	2480	37.575	488.475	25
49	2023	1511	12.525	488.475	25
49	2024	1613	-12.525	488.475	25
49	2025	699	-37.575	488.475	25
49	2026	1430	-62.625	488.475	25
49	2027	1384	-87.675	488.475	25
49	2028	2329	-112.725	488.475	25
49	2029	3020	-137.775	488.475	25
49	2030	391	-162.825	488.475	25
49	2031	2554	-187.875	488.475	25
49	2032	1555	-212.925	488.475	25
49	2033	764	-237.975	488.475	25
49	2034	2292	-263.025	488.475	25
49	2035	1552	-288.075	488.475	25
49	2036	348	-313.125	488.475	25
49	2037	342	-338.175	488.475	25
49	2038	2035	-363.225	488.475	25
49	2039	2614	-388.275	488.475	25
49	2040	1194	-413.325	488.475	25
49	2041	219	-438.375	488.475	25
49	2042	1626	-463.425	488.475	25
49	2043	2286	-488.475	488.475	25
49	2044	108	-513.525	488.475	25
49	2045	916	-538.575	488.475	25
49	2046	1703	-563.625	488.475	25
49	2047	846	-588.675	488.475	25
50	2048	3540	588.675	513.525	25
50	2049	1246	563.625	513.525	25
50	2050	225	538.575	513.525	25
50	2051	1550	513.525	513.525	25
50	2052	218	488.475	513.525	25
50	2053	2178	463.425	513.525	25
50	2054	3043	438.375	513.525	25
50	2055	2486	413.325	513.525	25
50	2056	2668	388.275	513.525	25
50	2057	2605	363.225	513.525	25
50	2058	3463	338.175	513.525	25
50	2059	2516	313.125	513.525	25
50	2060	37	288.075	513.525	25
50	2061	3230	263.025	513.525	25
50	2062	2767	237.975	513.525	25
50	2063	1048	212.925	513.525	25
50	2064	2437	187.875	513.525	25
50	2065	2771	162.825	513.525	25
50	2066	2670	137.775	513.525	25
50	2067	1614	112.725	513.525	25
50	2068	2237	87.675	513.525	25
50	2069	2526	62.625	513.525	25
50	2070	2863	37.575	513.525	25
50	2071	2861	12.525	513.525	25
50	2072	3034	-12.525	513.525	25
50	2073	165	-37.575	513.525	25
50	2074	1457	-62.625	513.525	25
50	2075	3210	-87.675	513.525	25
50	2076	3214	-112.725	513.525	25
50	2077	770	-137.775	513.525	25
50	2078	3502	-162.825	513.525	25
50	2079	392	-187.875	513.525	25
50	2080	2501	-212.925	513.525	25
50	2081	129	-237.975	513.525	25
50	2082	2662	-263.025	513.525	25
50	2083	2569	-288.075	513.525	25
50	2084	162	-313.125	513.525	25
50	2085	277	-338.175	513.525	25
50	2086	2240	-363.225	513.525	25
50	2087	3460	-388.275	513.525	25
50	2088	1766	-413.325	513.525	25
50	2089	276	-438.375	513.525	25
50	2090	2867	-463.425	513.525	25
50	2091	3206	-488.475	513.525	25
50	2092	2966	-513.525	513.525	25
50	2093	3071	-538.575	513.525	25
50	2094	3339	-563.625	513.525	25
50	2095	2049	-588.675	513.525	25
50	2586	3305	726.45	526.05	50
50	2587	3295	676.35	526.05	50
50	2588	2952	626.25	526.05	50
50	2589	2973	-626.25	526.05	50
50	2590	2322	-676.35	526.05	50
50	2591	1937	-726.45	526.05	50
51	2096	188	588.675	538.575	25
51	2097	1075	563.625	538.575	25
51	2098	2267	538.575	538.575	25
51	2099	2672	513.525	538.575	25
51	2100	2280	488.475	538.575	25
51	2101	2798	463.425	538.575	25
51	2102	3465	438.375	538.575	25
51	2103	3246	413.325	538.575	25
51	2104	2086	388.275	538.575	25
51	2105	2184	363.225	538.575	25
51	2106	1148	338.175	538.575	25
51	2107	1006	313.125	538.575	25
51	2108	2663	288.075	538.575	25
51	2109	1709	263.025	538.575	25
51	2110	2419	237.975	538.575	25
51	2111	1037	212.925	538.575	25
51	2112	2549	187.875	538.575	25
51	2113	2900	162.825	538.575	25
51	2114	2864	137.775	538.575	25
51	2115	1215	112.725	538.575	25
51	2116	2424	87.675	538.575	25
51	2117	1505	62.625	538.575	25
51	2118	2533	37.575	538.575	25
51	2119	3346	12.525	538.575	25
51	2120	3079	-12.525	538.575	25
51	2121	3489	-37.575	538.575	25
51	2122	3345	-62.625	538.575	25
51	2123	3042	-87.675	538.575	25
51	2124	2601	-112.725	538.575	25
51	2125	839	-137.775	538.575	25
51	2126	3342	-162.825	538.575	25
51	2127	3273	-187.875	538.575	25
51	2128	1959	-212.925	538.575	25
51	2129	1997	-237.975	538.575	25
51	2130	1996	-263.025	538.575	25
51	2131	1604	-288.075	538.575	25
51	2132	104	-313.125	538.575	25
51	2133	3035	-338.175	538.575	25
51	2134	2769	-363.225	538.575	25
51	2135	2268	-388.275	538.575	25
51	2136	2525	-413.325	538.575	25
51	2137	150	-438.375	538.575	25
51	2138	2871	-463.425	538.575	25
51	2139	555	-488.475	538.575	25
51	2140	2022	-513.525	538.575	25
51	2141	3076	-538.575	538.575	25
51	2142	105	-563.625	538.575	25
51	2143	77	-588.675	538.575	25
52	2144	107	588.675	563.625	25
52	2145	191	563.625	563.625	25
52	2146	3503	538.575	563.625	25
52	2147	3250	513.525	563.625	25
52	2148	1136	488.475	563.625	25
52	2149	3138	463.425	563.625	25
52	2150	3221	438.375	563.625	25
52	2151	2868	413.325	563.625	25
52	2152	230	388.275	563.625	25
52	2153	2524	363.225	563.625	25
52	2154	3208	338.175	563.625	25
52	2155	103	313.125	563.625	25
52	2156	3037	288.075	563.625	25
52	2157	3072	263.025	563.625	25
52	2158	3456	237.975	563.625	25
52	2159	393	212.925	563.625	25
52	2160	3036	187.875	563.625	25
52	2161	603	162.825	563.625	25
52	2162	3032	137.775	563.625	25
52	2163	2288	112.725	563.625	25
52	2164	920	87.675	563.625	25
52	2165	100	62.625	563.625	25
52	2166	2603	37.575	563.625	25
52	2167	123	12.525	563.625	25
52	2168	1239	-12.525	563.625	25
52	2169	181	-37.575	563.625	25
52	2170	189	-62.625	563.625	25
52	2171	2761	-87.675	563.625	25
52	2172	140	-112.725	563.625	25
52	2173	221	-137.775	563.625	25
52	2174	3093	-162.825	563.625	25
52	2175	2604	-187.875	563.625	25
52	2176	2513	-212.925	563.625	25
52	2177	1388	-237.975	563.625	25
52	2178	3044	-263.025	563.625	25
52	2179	2176	-288.075	563.625	25
52	2180	2913	-313.125	563.625	25
52	2181	2996	-338.175	563.625	25
52	2182	2886	-363.225	563.625	25
52	2183	3095	-388.275	563.625	25
52	2184	206	-413.325	563.625	25
52	2185	3462	-438.375	563.625	25
52	2186	3468	-463.425	563.625	25
52	2187	899	-488.475	563.625	25
52	2188	2916	-513.525	563.625	25
52	2189	3245	-538.575	563.625	25
52	2190	2602	-563.625	563.625	25
52	2191	2791	-588.675	563.625	25
52	2592	3423	676.35	576.15	50
52	2593	1661	626.25	576.15	50
52	2594	270	-626.25	576.15	50
52	2595	3479	-676.35	576.15	50
53	2192	2772	588.675	588.675	25
53	2193	2889	563.625	588.675	25
53	2194	3493	538.575	588.675	25
53	2195	3131	513.525	588.675	25
53	2196	3457	488.475	588.675	25
53	2197	3132	463.425	588.675	25
53	2198	1371	438.375	588.675	25
53	2199	3023	413.325	588.675	25
53	2200	147	388.275	588.675	25
53	2201	307	363.225	588.675	25
53	2202	3223	338.175	588.675	25
53	2203	1729	313.125	588.675	25
53	2204	273	288.075	588.675	25
53	2205	128	263.025	588.675	25
53	2206	3492	237.975	588.675	25
53	2207	2855	212.925	588.675	25
53	2208	2759	187.875	588.675	25
53	2209	995	162.825	588.675	25
53	2210	1072	137.775	588.675	25
53	2211	145	112.725	588.675	25
53	2212	1244	87.675	588.675	25
53	2213	2667	62.625	588.675	25
53	2214	2760	37.575	588.675	25
53	2215	3128	12.525	588.675	25
53	2216	420	-12.525	588.675	25
53	2217	163	-37.575	588.675	25
53	2218	2502	-62.625	588.675	25
53	2219	2884	-87.675	588.675	25
53	2220	3085	-112.725	588.675	25
53	2221	2854	-137.775	588.675	25
53	2222	3136	-162.825	588.675	25
53	2223	200	-187.875	588.675	25
53	2224	2041	-212.925	588.675	25
53	2225	186	-237.975	588.675	25
53	2226	390	-263.025	588.675	25
53	2227	3261	-288.075	588.675	25
53	2228	203	-313.125	588.675	25
53	2229	1049	-338.175	588.675	25
53	2230	3466	-363.225	588.675	25
53	2231	3038	-388.275	588.675	25
53	2232	3263	-413.325	588.675	25
53	2233	2673	-438.375	588.675	25
53	2234	3490	-463.425	588.675	25
53	2235	3247	-488.475	588.675	25
53	2236	1447	-513.525	588.675	25
53	2237	2799	-538.575	588.675	25
53	2238	2659	-563.625	588.675	25
53	2239	3459	-588.675	588.675	25
54	2596	2926	626.25	626.25	50
54	2597	2943	576.15	626.25	50
54	2598	2947	526.05	626.25	50
54	2599	581	475.95	626.25	50
54	2600	719	425.85	626.25	50
54	2601	2818	375.75	626.25	50
54	2602	2809	325.65	626.25	50
54	2603	2815	275.55	626.25	50
54	2604	3400	225.45	626.25	50
54	2605	3425	175.35	626.25	50
54	2606	2517	125.25	626.25	50
54	2607	185	75.15	626.25	50
54	2608	2951	25.05	626.25	50
54	2609	1571	-25.05	626.25	50
54	2610	2306	-75.15	626.25	50
54	2611	3307	-125.25	626.25	50
54	2612	1655	-175.35	626.25	50
54	2613	1096	-225.45	626.25	50
54	2614	2309	-275.55	626.25	50
54	2615	1900	-325.65	626.25	50
54	2616	3442	-375.75	626.25	50
54	2617	2639	-425.85	626.25	50
54	2618	95	-475.95	626.25	50
54	2619	3409	-526.05	626.25	50
54	2620	784	-576.15	626.25	50
54	2621	3500	-626.25	626.25	50
55	2622	1962	576.15	676.35	50
55	2623	2921	526.05	676.35	50
55	2624	2312	475.95	676.35	50
55	2625	3289	425.85	676.35	50
55	2626	2773	375.75	676.35	50
55	2627	3069	325.65	676.35	50
55	2628	2971	275.55	676.35	50
55	2629	3446	225.45	676.35	50
55	2630	1015	175.35	676.35	50
55	2631	3413	125.25	676.35	50
55	2632	2685	75.15	676.35	50
55	2633	3066	25.05	676.35	50
55	2634	1791	-25.05	676.35	50
55	2635	2352	-75.15	676.35	50
55	2636	2976	-125.25	676.35	50
55	2637	617	-175.35	676.35	50
55	2638	3441	-225.45	676.35	50
55	2639	1338	-275.55	676.35	50
55	2640	3360	-325.65	676.35	50
55	2641	2816	-375.75	676.35	50
55	2642	1292	-425.85	676.35	50
55	2643	2643	-475.95	676.35	50
55	2644	3544	-526.05	676.35	50
55	2645	2944	-576.15	676.35	50
56	2646	3480	526.05	726.45	50
56	2647	2003	475.95	726.45	50
56	2648	1632	425.85	726.45	50
56	2649	788	375.75	726.45	50
56	2650	2782	325.65	726.45	50
56	2651	1741	275.55	726.45	50
56	2652	1907	225.45	726.45	50
56	2653	2945	175.35	726.45	50
56	2654	631	125.25	726.45	50
56	2655	2907	75.15	726.45	50
56	2656	713	25.05	726.45	50
56	2657	2814	-25.05	726.45	50
56	2658	1287	-75.15	726.45	50
56	2659	3545	-125.25	726.45	50
56	2660	2918	-175.35	726.45	50
56	2661	2908	-225.45	726.45	50
56	2662	907	-275.55	726.45	50
56	2663	1915	-325.65	726.45	50
56	2664	1901	-375.75	726.45	50
56	2665	3109	-425.85	726.45	50
56	2666	2681	-475.95	726.45	50
56	2667	730	-526.05	726.45	50
57	2668	2299	475.95	776.55	50
57	2669	3411	425.85	776.55	50
57	2670	1654	375.75	776.55	50
57	2671	3286	325.65	776.55	50
57	2672	2214	275.55	776.55	50
57	2673	1164	225.45	776.55	50
57	2674	1288	175.35	776.55	50
57	2675	2811	125.25	776.55	50
57	2676	2774	75.15	776.55	50
57	2677	971	25.05	776.55	50
57	2678	1530	-25.05	776.55	50
57	2679	2007	-75.15	776.55	50
57	2680	1342	-125.25	776.55	50
57	2681	734	-175.35	776.55	50
57	2682	3420	-225.45	776.55	50
57	2683	2635	-275.55	776.55	50
57	2684	1647	-325.65	776.55	50
57	2685	1019	-375.75	776.55	50
57	2686	3499	-425.85	776.55	50
57	2687	2741	-475.95	776.55	50
58	2689	2006	325.65	826.65	50
58	2690	2776	275.55	826.65	50
58	2691	1576	225.45	826.65	50
58	2692	1635	175.35	826.65	50
58	2693	3431	125.25	826.65	50
58	2694	628	75.15	826.65	50
58	2695	2073	25.05	826.65	50
58	2696	1086	-25.05	826.65	50
58	2697	3150	-75.15	826.65	50
58	2698	1582	-125.25	826.65	50
58	2699	913	-175.35	826.65	50
58	2700	2683	-225.45	826.65	50
58	2701	410	-275.55	826.65	50
58	2702	1905	-325.65	826.65	50
59	2705	3483	225.45	876.75	50
59	2706	966	175.35	876.75	50
59	2707	1783	125.25	876.75	50
59	2708	3110	75.15	876.75	50
59	2709	2848	25.05	876.75	50
59	2710	1068	-25.05	876.75	50
59	2711	2191	-75.15	876.75	50
59	2712	1747	-125.25	876.75	50
59	2713	1658	-175.35	876.75	50
59	2714	1341	-225.45	876.75	50
