0	71	-5.56578
1	70	-6.56332
2	71	-5.56087
3	71.5	-5.05841
4	71	-5.55596
5	71	-5.5535
6	71	-5.55104
7	71.5	-5.04859
8	71.5	-5.04613
9	70	-6.54368
10	71.5	-5.04122
11	71	-5.53877
12	70.5	-6.03631
13	71.5	-5.03385
14	70.5	-6.0314
15	71.5	-5.02894
16	70.5	-6.02649
17	70.5	-6.02403
18	70.5	-6.02157
19	71	-5.51912
20	69.5	-7.01666
21	70.5	-6.01421
22	70.5	-6.01175
23	70.5	-6.00929
24	70	-6.50684
25	70	-6.50438
26	71.5	-5.00193
27	70	-6.49947
28	70.5	-5.99702
29	71.5	-4.99456
30	71	-5.4921
31	71.5	-4.98965
32	70.5	-5.98719
33	70.5	-5.98474
34	70.5	-5.98228
35	70.5	-5.97982
36	70	-6.47737
37	70.5	-5.97491
38	71.5	-4.97246
39	71	-5.47
40	70.5	-5.96754
41	70	-6.46509
42	70.5	-5.96263
43	71	-5.46018
44	70	-6.45772
45	71	-5.45527
46	71	-5.45281
47	70.5	-5.95035
48	71.5	-5.02182
49	70.5	-6.01936
50	69.5	-7.01691
51	70.5	-6.01445
52	70	-6.512
53	70	-6.50954
54	71	-5.50708
55	70.5	-6.00463
56	70	-6.50217
57	70.5	-5.99972
58	70.5	-5.99726
59	70	-6.49481
60	70.5	-5.99235
61	70.5	-5.98989
62	71	-5.48744
63	71	-5.48498
64	70	-6.48253
65	71	-5.48007
66	70.5	-5.97761
67	70.5	-5.97516
68	72	-4.4727
69	69.5	-6.97025
70	70	-6.46779
71	70	-6.46533
72	70.5	-5.96288
73	70.5	-5.96042
74	71	-5.45797
75	69.5	-6.95551
76	71.5	-4.95306
77	70.5	-5.9506
78	70.5	-5.94814
79	70.5	-5.94569
80	70	-6.44323
81	69.5	-6.94078
82	71.5	-4.93832
83	70.5	-5.93586
84	70	-6.43341
85	70	-6.43095
86	69.5	-6.9285
87	70	-6.42604
88	70.5	-5.92358
89	70	-6.42113
90	70	-6.41867
91	70	-6.41622
92	70	-6.41376
93	70	-6.41131
94	71	-5.40885
95	71	-5.40639
96	71	-5.47786
97	71	-5.4754
98	71	-5.47295
99	69.5	-6.97049
100	71	-5.46804
101	71	-5.46558
102	71	-5.46312
103	71	-5.46067
104	70.5	-5.95821
105	70.5	-5.95576
106	70.5	-5.9533
107	71	-5.45084
108	71	-5.44839
109	71	-5.44593
110	70.5	-5.94348
111	69.5	-6.94102
112	71.5	-4.93857
113	70.5	-5.93611
114	69.5	-6.93365
115	70.5	-5.9312
116	71.5	-4.92874
117	70.5	-5.92629
118	70.5	-5.92383
119	71	-5.42137
120	70	-6.41892
121	70.5	-5.91646
122	70.5	-5.91401
123	70.5	-5.91155
124	71.5	-4.90909
125	70.5	-5.90664
126	70.5	-5.90418
127	70.5	-5.90173
128	71	-5.39927
129	70.5	-5.89682
130	70.5	-5.89436
131	70	-6.3919
132	71	-5.38945
133	71	-5.38699
134	69.5	-6.88454
135	69	-7.38208
136	71	-5.37962
137	71	-5.37717
138	71	-5.37471
139	70.5	-5.87226
140	70.5	-5.8698
141	71	-5.36734
142	70.5	-5.86489
143	70	-6.36243
144	70.5	-5.9339
145	71	-5.43144
146	70	-6.42899
147	70.5	-5.92653
148	70.5	-5.92408
149	70.5	-5.92162
150	70.5	-5.91916
151	70.5	-5.91671
152	69.5	-6.91425
153	70.5	-5.9118
154	70.5	-5.90934
155	70.5	-5.90688
156	70.5	-5.90443
157	70.5	-5.90197
158	70.5	-5.89952
159	72.5	-3.89706
160	70.5	-5.89461
161	69	-7.39215
162	69.5	-6.88969
163	70.5	-5.88724
164	68.5	-7.88478
165	70.5	-5.88233
166	70	-6.37987
167	70	-6.37741
168	70	-6.37496
169	70.5	-5.8725
170	70	-6.37005
171	68.5	-7.86759
172	70.5	-5.86513
173	70.5	-5.86268
174	70	-6.36022
175	70.5	-5.85777
176	69.5	-6.85531
177	70.5	-5.85286
178	70.5	-5.8504
179	70.5	-5.84794
180	70.5	-5.84549
181	70.5	-5.84303
182	70.5	-5.84058
183	71	-5.33812
184	70.5	-5.83566
185	70.5	-5.83321
186	70.5	-5.83075
187	70	-6.3283
188	70.5	-5.82584
189	71	-5.32338
190	70.5	-5.82093
191	70	-6.31847
192	70.5	-5.88994
193	69.5	-6.88748
194	70	-6.38503
195	71	-5.38257
196	70.5	-5.88012
197	70.5	-5.87766
198	70.5	-5.8752
199	70.5	-5.87275
200	70.5	-5.87029
201	70	-6.36784
202	70	-6.36538
203	70.5	-5.86292
204	70.5	-5.86047
205	70.5	-5.85801
206	70.5	-5.85556
207	70.5	-5.8531
208	71	-5.35064
209	70.5	-5.84819
210	70.5	-5.84573
211	70.5	-5.84328
212	70	-6.34082
213	71	-5.33837
214	69.5	-6.83591
215	69.5	-6.83345
216	70.5	-5.831
217	69	-7.32854
218	70.5	-5.82609
219	70	-6.32363
220	70	-6.32117
221	69	-7.31872
222	70.5	-5.81626
223	69.5	-6.81381
224	69.5	-6.81135
225	70	-6.30889
226	70.5	-5.80644
227	70	-6.30398
228	69.5	-6.80153
229	70.5	-5.79907
230	70.5	-5.79662
231	70	-6.29416
232	71	-5.2917
233	70.5	-5.78925
234	70	-6.28679
235	71	-5.28434
236	70.5	-5.78188
237	70.5	-5.77942
238	71	-5.27697
239	71.5	-4.77451
240	70	-6.34598
241	70.5	-5.84352
242	70.5	-5.84107
243	70.5	-5.83861
244	71	-5.33616
245	70.5	-5.8337
246	70	-6.33124
247	70	-6.32879
248	70	-6.32633
249	70	-6.32388
250	70	-6.32142
251	69.5	-6.81896
252	69	-7.31651
253	70.5	-5.81405
254	69.5	-6.8116
255	69	-7.30914
256	69.5	-6.80668
257	69.5	-6.80423
258	71	-5.30177
259	70	-6.29932
260	69.5	-6.79686
261	69.5	-6.79441
262	70	-6.29195
263	70	-6.28949
264	69.5	-6.78704
265	70	-6.28458
266	69.5	-6.78213
267	70	-6.27967
268	70.5	-5.77721
269	71	-5.27476
270	69	-7.2723
271	70.5	-5.76985
272	71	-5.26739
273	70	-6.26493
274	69	-7.26248
275	70.5	-5.76002
276	69.5	-6.75757
277	70	-6.25511
278	69	-7.25266
279	70.5	-5.7502
280	70.5	-5.74774
281	70	-6.24529
282	70	-6.24283
283	70.5	-5.74038
284	69	-7.23792
285	70.5	-5.73546
286	71	-5.23301
287	71	-5.23055
288	70	-6.30202
289	70.5	-5.79956
290	70	-6.29711
291	70	-6.29465
292	70	-6.29219
293	70	-6.28974
294	70	-6.28728
295	69.5	-6.78483
296	70	-6.28237
297	70.5	-5.77992
298	70	-6.27746
299	70.5	-5.775
300	70.5	-5.77255
301	70	-6.27009
302	70	-6.26764
303	68.5	-7.76518
304	69	-7.26272
305	70.5	-5.76027
306	70.5	-5.75781
307	69	-7.25536
308	70	-6.2529
309	69	-7.25044
310	70.5	-5.74799
311	70.5	-5.74553
312	69.5	-6.74308
313	70	-6.24062
314	69.5	-6.73817
315	69.5	-6.73571
316	70.5	-5.73325
317	70.5	-5.7308
318	69.5	-6.72834
319	70	-6.22589
320	70	-6.22343
321	70	-6.22097
322	70	-6.21852
323	70	-6.21606
324	70	-6.21361
325	69.5	-6.71115
326	70	-6.20869
327	70.5	-5.70624
328	70.5	-5.70378
329	69	-7.20133
330	71	-5.19887
331	70	-6.19642
332	70	-6.19396
333	70.5	-5.6915
334	70.5	-5.68905
335	70.5	-5.68659
336	69.5	-6.75806
337	70	-6.2556
338	69	-7.25315
339	69.5	-6.75069
340	70	-6.24823
341	70	-6.24578
342	70	-6.24332
343	70	-6.24087
344	69.5	-6.73841
345	70.5	-5.73596
346	69	-7.2335
347	70.5	-5.73104
348	69.5	-6.72859
349	70	-6.22613
350	70	-6.22368
351	70.5	-5.72122
352	70	-6.21876
353	70.5	-5.71631
354	70	-6.21385
355	70.5	-5.7114
356	70	-6.20894
357	69	-7.20648
358	69.5	-6.70403
359	70	-6.20157
360	70.5	-5.69912
361	70	-6.19666
362	70	-6.19421
363	70	-6.19175
364	70	-6.18929
365	69.5	-6.68684
366	69.5	-6.68438
367	70	-6.18193
368	70	-6.17947
369	70	-6.17701
370	70.5	-5.67456
371	70	-6.1721
372	70	-6.16965
373	70.5	-5.66719
374	70.5	-5.66473
375	70.5	-5.66228
376	70	-6.15982
377	70	-6.15737
378	69	-7.15491
379	69.5	-6.65246
380	70	-6.15
381	70	-6.14754
382	70	-6.14509
383	71	-5.14263
384	69.5	-6.7141
385	70	-6.21164
386	69.5	-6.70919
387	70	-6.20673
388	70.5	-5.70427
389	69	-7.20182
390	70	-6.19936
391	69.5	-6.69691
392	69	-7.19445
393	69.5	-6.69199
394	69	-7.18954
395	70	-6.18708
396	68.5	-7.68463
397	70.5	-5.68217
398	70	-6.17972
399	68.5	-7.67726
400	70	-6.1748
401	69.5	-6.67235
402	70	-6.16989
403	69.5	-6.66744
404	69.5	-6.66498
405	70.5	-5.66252
406	69	-7.16007
407	70	-6.15761
408	71	-5.15516
409	69.5	-6.6527
410	69.5	-6.65024
411	70	-6.14779
412	69	-7.14533
413	71	-5.14288
414	69.5	-6.64042
415	70.5	-5.63797
416	69	-7.13551
417	69	-7.13305
418	70	-6.1306
419	70	-6.12814
420	69	-7.12569
421	70	-6.12323
422	69.5	-6.62077
423	70.5	-5.61832
424	70.5	-5.61586
425	70	-6.11341
426	71	-5.11095
427	70	-6.10849
428	69	-7.10604
429	70.5	-5.60358
430	70.5	-5.60113
431	70	-6.09867
432	69.5	-6.67014
433	68.5	-7.66768
434	68	-8.16523
435	69.5	-6.66277
436	69	-7.16031
437	69.5	-6.65786
438	70	-6.1554
439	69.5	-6.65295
440	69.5	-6.65049
441	69.5	-6.64803
442	68.5	-7.64558
443	69	-7.14312
444	70.5	-5.64067
445	69.5	-6.63821
446	69	-7.13576
447	70.5	-5.6333
448	69.5	-6.63084
449	70.5	-5.62839
450	69.5	-6.62593
451	69	-7.12348
452	68.5	-7.62102
453	70	-6.11856
454	69	-7.11611
455	69.5	-6.61365
456	69.5	-6.6112
457	68.5	-7.60874
458	69.5	-6.60628
459	71.5	-4.60383
460	69	-7.10137
461	69.5	-6.59892
462	68.5	-7.59646
463	70	-6.09401
464	66.5	-9.59155
465	70	-6.08909
466	69.5	-6.58664
467	69	-7.08418
468	69.5	-6.58173
469	70	-6.07927
470	70	-6.07681
471	70.5	-5.57436
472	70	-6.0719
473	69.5	-6.56945
474	69	-7.06699
475	69	-7.06453
476	70	-6.06208
477	70	-6.05962
478	70	-6.05717
479	70.5	-5.55471
480	69	-7.12618
481	69.5	-6.62372
482	70.5	-5.62127
483	69.5	-6.61881
484	70	-6.11635
485	69.5	-6.6139
486	69.5	-6.61144
487	69.5	-6.60899
488	69	-7.10653
489	69.5	-6.60407
490	69.5	-6.60162
491	69	-7.09916
492	68.5	-7.59671
493	69	-7.09425
494	70	-6.09179
495	70	-6.08934
496	69	-7.08688
497	69	-7.08443
498	69	-7.08197
499	70	-6.07952
500	69	-7.07706
501	69	-7.0746
502	69	-7.07215
503	69	-7.06969
504	68.5	-7.56724
505	68.5	-7.56478
506	68.5	-7.56232
507	68.5	-7.55987
508	70.5	-5.55741
509	69.5	-6.55496
510	69.5	-6.5525
511	68.5	-7.55004
512	68.5	-7.54759
513	69.5	-6.54513
514	69	-7.04268
515	69.5	-6.54022
516	69.5	-6.53777
517	70	-6.03531
518	68	-8.03285
519	68.5	-7.5304
520	69.5	-6.52794
521	69	-7.02549
522	69.5	-6.52303
523	69	-7.02057
524	69.5	-6.51812
525	70	-6.01566
526	70	-6.01321
527	69.5	-6.51075
528	69.5	-6.58222
529	68.5	-7.57976
530	68.5	-7.57731
531	70	-6.07485
532	69	-7.07239
533	69	-7.06994
534	69	-7.06748
535	69.5	-6.56503
536	68.5	-7.56257
537	70	-6.06011
538	69.5	-6.55766
539	68.5	-7.5552
540	69	-7.05275
541	70.5	-5.55029
542	69.5	-6.54783
543	69	-7.04538
544	69.5	-6.54292
545	69	-7.04047
546	69.5	-6.53801
547	69	-7.03556
548	68.5	-7.5331
549	68.5	-7.53064
550	69	-7.02819
551	70	-6.02573
552	69	-7.02328
553	68.5	-7.52082
554	69.5	-6.51836
555	70	-6.01591
556	69.5	-6.51345
557	69	-7.011
558	68.5	-7.50854
559	69.5	-6.50608
560	69.5	-6.50363
561	69	-7.00117
562	69.5	-6.49872
563	70	-5.99626
564	69	-6.99381
565	69	-6.99135
566	69.5	-6.48889
567	69.5	-6.48644
568	68.5	-7.48398
569	70.5	-5.48153
570	69	-6.97907
571	69.5	-6.47661
572	69	-6.97416
573	69.5	-6.4717
574	69	-6.96925
575	68.5	-7.46679
576	70	-6.03826
577	69	-7.0358
578	69	-7.03334
579	70	-6.03089
580	69	-7.02843
581	69.5	-6.52598
582	69	-7.02352
583	69.5	-6.52107
584	68.5	-7.51861
585	68.5	-7.51615
586	68.5	-7.5137
587	69	-7.01124
588	67.5	-8.50879
589	68.5	-7.50633
590	68	-8.00387
591	68.5	-7.50142
592	68	-7.99896
593	69.5	-6.49651
594	68.5	-7.49405
595	68.5	-7.49159
596	69.5	-6.48914
597	69.5	-6.48668
598	68.5	-7.48423
599	68.5	-7.48177
600	70	-5.97932
601	69.5	-6.47686
602	70	-5.9744
603	69.5	-6.47195
604	69.5	-6.46949
605	68.5	-7.46704
606	69	-6.96458
607	70.5	-5.46212
608	69.5	-6.45967
609	68.5	-7.45721
610	69.5	-6.45476
611	68.5	-7.4523
612	68.5	-7.44984
613	68.5	-7.44739
614	68.5	-7.44493
615	70	-5.94248
616	69.5	-6.44002
617	69	-6.93757
618	67.5	-8.43511
619	69	-6.93265
620	69.5	-6.4302
621	69.5	-6.42774
622	69.5	-6.42529
623	70	-5.92283
624	69.5	-6.4943
625	68.5	-7.49184
626	69.5	-6.48938
627	69.5	-6.48693
628	69.5	-6.48447
629	69.5	-6.48202
630	67.5	-8.47956
631	68.5	-7.47711
632	69.5	-6.47465
633	68.5	-7.47219
634	68	-7.96974
635	69	-6.96728
636	69	-6.96483
637	69.5	-6.46237
638	68	-7.95991
639	68.5	-7.45746
640	67.5	-8.455
641	68	-7.95255
642	68.5	-7.45009
643	68.5	-7.44763
644	69	-6.94518
645	69.5	-6.44272
646	70	-5.94027
647	69.5	-6.43781
648	68	-7.93536
649	68.5	-7.4329
650	71	-4.93044
651	69.5	-6.42799
652	68	-7.92553
653	68.5	-7.42308
654	69	-6.92062
655	70.5	-5.41816
656	69.5	-6.41571
657	68.5	-7.41325
658	69	-6.9108
659	69	-6.90834
660	69	-6.90588
661	69.5	-6.40343
662	68.5	-7.40097
663	69	-6.89852
664	69.5	-6.39606
665	68.5	-7.39361
666	68.5	-7.39115
667	69	-6.88869
668	68.5	-7.38624
669	69.5	-6.38378
670	69.5	-6.38133
671	69.5	-6.37887
672	70.5	-5.45034
673	68.5	-7.44788
674	69.5	-6.44542
675	69	-6.94297
676	68.5	-7.44051
677	69	-6.93806
678	68.5	-7.4356
679	68.5	-7.43314
680	69	-6.93069
681	69	-6.92823
682	69	-6.92578
683	69	-6.92332
684	69	-6.92087
685	69	-6.91841
686	68	-7.91595
687	69	-6.9135
688	69	-6.91104
689	69	-6.90859
690	69	-6.90613
691	69	-6.90367
692	69.5	-6.40122
693	69.5	-6.39876
694	69.5	-6.39631
695	69	-6.89385
696	69	-6.89139
697	69	-6.88894
698	69	-6.88648
699	69	-6.88403
700	69	-6.88157
701	69	-6.87912
702	69.5	-6.37666
703	69	-6.8742
704	69.5	-6.37175
705	69	-6.86929
706	69	-6.86684
707	69	-6.86438
708	69.5	-6.36192
709	68	-7.85947
710	69	-6.85701
711	69.5	-6.35456
712	69	-6.8521
713	69	-6.84964
714	69.5	-6.34719
715	68.5	-7.34473
716	68.5	-7.34228
717	70	-5.83982
718	69	-6.83737
719	69	-6.83491
720	69.5	-6.40638
721	69.5	-6.40392
722	68.5	-7.40146
723	68	-7.89901
724	67.5	-8.39655
725	68.5	-7.3941
726	69	-6.89164
727	68.5	-7.38918
728	68.5	-7.38673
729	68.5	-7.38427
730	69	-6.88182
731	69	-6.87936
732	68.5	-7.37691
733	68.5	-7.37445
734	68	-7.87199
735	68.5	-7.36954
736	68.5	-7.36708
737	69	-6.86463
738	68.5	-7.36217
739	68.5	-7.35971
740	68.5	-7.35726
741	68.5	-7.3548
742	69	-6.85235
743	68.5	-7.34989
744	68.5	-7.34743
745	68.5	-7.34498
746	68.5	-7.34252
747	70	-5.84007
748	69.5	-6.33761
749	68.5	-7.33516
750	69	-6.8327
751	69	-6.83024
752	68.5	-7.32779
753	69	-6.82533
754	69	-6.82288
755	68	-7.82042
756	68.5	-7.31796
757	69	-6.81551
758	68.5	-7.31305
759	67.5	-8.3106
760	68.5	-7.30814
761	68	-7.80568
762	69	-6.80323
763	69	-6.80077
764	68.5	-7.29832
765	69	-6.79586
766	68.5	-7.29341
767	69	-6.79095
768	68	-7.86242
769	70	-5.85996
770	69	-6.8575
771	70	-5.85505
772	69.5	-6.35259
773	69	-6.85014
774	70	-5.84768
775	68	-7.84522
776	67	-8.84277
777	68	-7.84031
778	68	-7.83786
779	67	-8.8354
780	69	-6.83294
781	68.5	-7.33049
782	68.5	-7.32803
783	69	-6.82558
784	69	-6.82312
785	68.5	-7.32067
786	69	-6.81821
787	68.5	-7.31575
788	69	-6.8133
789	69	-6.81084
790	69	-6.80839
791	69	-6.80593
792	69	-6.80347
793	69	-6.80102
794	69	-6.79856
795	69	-6.79611
796	69	-6.79365
797	67	-8.79119
798	68.5	-7.28874
799	67.5	-8.28628
800	68.5	-7.28383
801	69	-6.78137
802	68.5	-7.27892
803	68.5	-7.27646
804	68.5	-7.274
805	67.5	-8.27155
806	68.5	-7.26909
807	69	-6.76664
808	67	-8.76418
809	69	-6.76172
810	67.5	-8.25927
811	67	-8.75681
812	68.5	-7.25436
813	68.5	-7.2519
814	69	-6.74944
815	69	-6.74699
816	70	-5.81846
817	69.5	-6.316
818	69	-6.81354
819	68.5	-7.31109
820	67	-8.80863
821	68	-7.80618
822	68.5	-7.30372
823	67.5	-8.30126
824	68.5	-7.29881
825	68.5	-7.29635
826	68.5	-7.2939
827	69	-6.79144
828	68	-7.78898
829	68	-7.78653
830	69	-6.78407
831	69	-6.78162
832	68	-7.77916
833	68.5	-7.27671
834	68	-7.77425
835	69	-6.77179
836	68.5	-7.26934
837	68.5	-7.26688
838	68.5	-7.26443
839	68.5	-7.26197
840	69	-6.75951
841	68.5	-7.25706
842	68	-7.7546
843	68	-7.75215
844	68.5	-7.24969
845	69	-6.74723
846	68.5	-7.24478
847	68.5	-7.24232
848	68.5	-7.23987
849	68.5	-7.23741
850	68.5	-7.23496
851	68.5	-7.2325
852	68	-7.73004
853	68	-7.72759
854	68.5	-7.22513
855	69.5	-6.22268
856	68.5	-7.22022
857	68.5	-7.21776
858	68.5	-7.21531
859	68.5	-7.21285
860	68.5	-7.2104
861	69	-6.70794
862	69.5	-6.20548
863	69.5	-6.20303
864	69	-6.77449
865	67.5	-8.27204
866	68.5	-7.26958
867	69	-6.76713
868	69	-6.76467
869	68.5	-7.26222
870	68.5	-7.25976
871	68	-7.7573
872	68	-7.75485
873	68.5	-7.25239
874	68	-7.74994
875	68	-7.74748
876	68.5	-7.24502
877	68.5	-7.24257
878	67.5	-8.24011
879	68.5	-7.23766
880	67.5	-8.2352
881	68.5	-7.23274
882	68.5	-7.23029
883	68	-7.72783
884	70	-5.72538
885	68.5	-7.22292
886	69	-6.72047
887	69	-6.71801
888	68.5	-7.21555
889	68	-7.7131
890	68.5	-7.21064
891	69	-6.70819
892	68.5	-7.20573
893	69	-6.70327
894	68.5	-7.20082
895	68.5	-7.19836
896	68.5	-7.19591
897	67.5	-8.19345
898	69.5	-6.19099
899	68.5	-7.18854
900	68	-7.68608
901	68.5	-7.18363
902	68.5	-7.18117
903	68.5	-7.17872
904	68	-7.67626
905	68	-7.6738
906	69	-6.67135
907	68.5	-7.16889
908	68	-7.66644
909	69.5	-6.16398
910	68	-7.66152
911	68.5	-7.15907
912	68.5	-7.23053
913	68	-7.72808
914	68.5	-7.22562
915	69	-6.72317
916	67	-8.72071
917	69	-6.71826
918	67.5	-8.2158
919	68	-7.71334
920	67.5	-8.21089
921	68	-7.70843
922	68.5	-7.20598
923	68	-7.70352
924	68.5	-7.20106
925	68	-7.69861
926	67.5	-8.19615
927	67.5	-8.1937
928	68	-7.69124
929	68	-7.68878
930	68	-7.68633
931	68.5	-7.18387
932	68	-7.68142
933	68.5	-7.17896
934	68.5	-7.17651
935	68.5	-7.17405
936	68.5	-7.17159
937	68.5	-7.16914
938	68.5	-7.16668
939	69.5	-6.16423
940	68.5	-7.16177
941	68.5	-7.15931
942	68.5	-7.15686
943	68.5	-7.1544
944	68.5	-7.15195
945	68.5	-7.14949
946	68.5	-7.14703
947	68.5	-7.14458
948	67	-8.64212
949	68	-7.63967
950	69.5	-6.13721
951	69.5	-6.13476
952	69	-6.6323
953	68	-7.62984
954	69.5	-6.12739
955	67.5	-8.12493
956	67	-8.62248
957	68.5	-7.12002
958	68	-7.61756
959	68.5	-7.11511
960	68	-7.68657
961	67.5	-8.18412
962	68	-7.68166
963	68.5	-7.17921
964	67.5	-8.17675
965	68	-7.67429
966	68	-7.67184
967	68	-7.66938
968	68.5	-7.16693
969	68	-7.66447
970	68	-7.66202
971	67.5	-8.15956
972	68	-7.6571
973	67.5	-8.15465
974	68.5	-7.15219
975	68.5	-7.14974
976	67	-8.64728
977	68	-7.64482
978	68.5	-7.14237
979	68.5	-7.13991
980	68.5	-7.11781
981	68	-7.61535
982	68.5	-7.1129
983	67.5	-8.11044
984	67.5	-8.10799
985	68.5	-7.10553
986	68	-7.60307
987	67	-8.60062
988	68.5	-7.09816
989	68	-7.59571
990	68.5	-7.09325
991	68.5	-7.09079
992	68	-7.58834
993	68.5	-7.08588
994	67.5	-8.08343
995	68.5	-7.08097
996	68	-7.57852
997	68.5	-7.07606
998	68.5	-7.0736
999	68.5	-7.07115
1000	68	-7.64261
1001	68.5	-7.14016
1002	67.5	-8.1377
1003	67.5	-8.13525
1004	68	-7.63279
1005	66.5	-9.13033
1006	68	-7.62788
1007	67	-8.62542
1008	68	-7.62297
1009	67.5	-8.12051
1010	68	-7.61806
1011	69	-6.6156
1012	67.5	-8.11314
1013	68	-7.61069
1014	67.5	-8.10823
1015	67.5	-8.10578
1016	67.5	-8.10332
1017	66	-9.60086
1018	68	-7.59841
1019	68	-7.59595
1020	67.5	-8.07385
1021	66.5	-9.07139
1022	66.5	-9.06894
1023	67.5	-8.06648
1024	66.5	-9.06403
1025	68.5	-7.06157
1026	67.5	-8.05911
1027	67.5	-8.05666
1028	67.5	-8.0542
1029	68	-7.55175
1030	68.5	-7.04929
1031	69.5	-6.04683
1032	68.5	-7.04438
1033	68.5	-7.04192
1034	68	-7.53947
1035	69.5	-6.03701
1036	68.5	-7.03456
1037	68.5	-7.0321
1038	68	-7.52964
1039	69	-6.52719
1040	67	-8.59865
1041	66.5	-9.0962
1042	68	-7.59374
1043	67.5	-8.09129
1044	67.5	-8.08883
1045	67.5	-8.08637
1046	67	-8.58392
1047	66.5	-9.08146
1048	67.5	-8.07901
1049	66.5	-9.07655
1050	66.5	-9.07409
1051	68	-7.57164
1052	68	-7.56918
1053	68	-7.56673
1054	68	-7.56427
1055	68	-7.56182
1056	67	-8.55936
1057	68	-7.5569
1058	68	-7.55445
1059	68	-7.55199
1060	67.5	-8.02989
1061	68	-7.52743
1062	68	-7.52498
1063	67.5	-8.02252
1064	67.5	-8.02007
1065	67	-8.51761
1066	69	-6.51515
1067	68	-7.5127
1068	68	-7.51024
1069	68	-7.50779
1070	68	-7.50533
1071	68	-7.50287
1072	68	-7.50042
1073	66.5	-8.99796
1074	68	-7.49551
1075	68	-7.49305
1076	68	-7.49059
1077	67.5	-7.98814
1078	68.5	-6.98568
1079	68.5	-6.98323
1080	68	-7.55469
1081	67.5	-8.05224
1082	67.5	-8.04978
1083	68	-7.54733
1084	68	-7.54487
1085	69	-6.54241
1086	68.5	-7.03996
1087	67	-8.5375
1088	66	-9.53505
1089	67.5	-8.03259
1090	67.5	-8.03013
1091	67.5	-8.02768
1092	68	-7.52522
1093	65.5	-10.0228
1094	68.5	-7.02031
1095	66.5	-9.01786
1096	67.5	-8.0154
1097	68	-7.51294
1098	68.5	-7.01049
1099	68	-7.50803
1100	68.5	-6.98593
1101	68	-7.48347
1102	67.5	-7.98102
1103	67.5	-7.97856
1104	68	-7.47611
1105	67.5	-7.97365
1106	67.5	-7.97119
1107	68	-7.46874
1108	68	-7.46628
1109	67.5	-7.96383
1110	67.5	-7.96137
1111	67.5	-7.95891
1112	67.5	-7.95646
1113	67.5	-7.954
1114	66.5	-8.95155
1115	67.5	-7.94909
1116	67.5	-7.94663
1117	67.5	-7.94418
1118	68.5	-6.94172
1119	68.5	-6.93927
1120	67.5	-8.01073
1121	68	-7.50828
1122	67.5	-8.00582
1123	67.5	-8.00337
1124	68.5	-7.00091
1125	68.5	-6.99845
1126	68.5	-6.996
1127	67.5	-7.99354
1128	67.5	-7.99109
1129	67.5	-7.98863
1130	68.5	-6.98617
1131	68.5	-6.98372
1132	68.5	-6.98126
1133	67.5	-7.97881
1134	68	-7.47635
1135	67.5	-7.97389
1136	67.5	-7.97144
1137	67.5	-7.96898
1138	66	-9.46653
1139	67.5	-7.96407
1140	68	-7.44197
1141	67.5	-7.93951
1142	67	-8.43706
1143	67.5	-7.9346
1144	67.5	-7.93214
1145	67.5	-7.92969
1146	69	-6.42723
1147	67	-8.42478
1148	67.5	-7.92232
1149	67.5	-7.91987
1150	67	-8.41741
1151	67.5	-7.91495
1152	68	-7.4125
1153	67.5	-7.91004
1154	67.5	-7.90759
1155	68	-7.40513
1156	67.5	-7.90267
1157	68	-7.40022
1158	67.5	-7.89776
1159	69	-6.39531
1160	68	-7.46677
1161	67	-8.46432
1162	67.5	-7.96186
1163	67.5	-7.95941
1164	67.5	-7.95695
1165	68	-7.45449
1166	68	-7.45204
1167	68	-7.44958
1168	68	-7.44713
1169	67	-8.44467
1170	68	-7.44221
1171	67	-8.43976
1172	68	-7.4373
1173	68.5	-6.93485
1174	67	-8.43239
1175	67.5	-7.92993
1176	68.5	-6.92748
1177	67.5	-7.92502
1178	67.5	-7.92257
1179	67.5	-7.92011
1180	67.5	-7.89801
1181	69	-6.39555
1182	67.5	-7.8931
1183	67.5	-7.89064
1184	67.5	-7.88818
1185	68	-7.38573
1186	67.5	-7.88327
1187	67.5	-7.88082
1188	68	-7.37836
1189	67.5	-7.87591
1190	68.5	-6.87345
1191	67.5	-7.87099
1192	67.5	-7.86854
1193	67.5	-7.86608
1194	67.5	-7.86363
1195	67.5	-7.86117
1196	69	-6.35871
1197	68.5	-6.85626
1198	68.5	-6.8538
1199	67	-8.35135
1200	67.5	-7.92281
1201	68.5	-6.92036
1202	67.5	-7.9179
1203	67.5	-7.91544
1204	67.5	-7.91299
1205	67.5	-7.91053
1206	67.5	-7.90808
1207	67.5	-7.90562
1208	67.5	-7.90317
1209	67.5	-7.90071
1210	67.5	-7.89825
1211	68.5	-6.8958
1212	67.5	-7.89334
1213	67.5	-7.89089
1214	67	-8.38843
1215	68.5	-6.88597
1216	67.5	-7.88352
1217	67.5	-7.88106
1218	67.5	-7.87861
1219	68	-7.37615
1220	67	-8.35405
1221	67.5	-7.85159
1222	68	-7.34914
1223	66.5	-8.84668
1224	67.5	-7.84422
1225	67.5	-7.84177
1226	68.5	-6.83931
1227	67.5	-7.83686
1228	67.5	-7.8344
1229	67.5	-7.83194
1230	67.5	-7.82949
1231	67.5	-7.82703
1232	66.5	-8.82458
1233	67.5	-7.82212
1234	67.5	-7.81967
1235	66.5	-8.81721
1236	68.5	-6.81475
1237	67.5	-7.8123
1238	67.5	-7.80984
1239	67.5	-7.80739
1240	68.5	-6.87885
1241	67.5	-7.8764
1242	68	-7.37394
1243	67	-8.37148
1244	68	-7.36903
1245	68	-7.36657
1246	67	-8.36412
1247	67.5	-7.86166
1248	68	-7.35921
1249	67.5	-7.85675
1250	67.5	-7.85429
1251	67.5	-7.85184
1252	67.5	-7.84938
1253	67.5	-7.84693
1254	67	-8.34447
1255	67.5	-7.84201
1256	66.5	-8.83956
1257	67	-8.3371
1258	66.5	-8.83465
1259	67.5	-7.83219
1260	66.5	-8.81009
1261	67.5	-7.80763
1262	66.5	-8.80518
1263	67.5	-7.80272
1264	67	-8.30026
1265	69	-6.29781
1266	68	-7.29535
1267	67.5	-7.7929
1268	68	-7.29044
1269	67.5	-7.78798
1270	68	-7.28553
1271	68.5	-6.78307
1272	67	-8.28062
1273	67.5	-7.77816
1274	66.5	-8.77571
1275	67.5	-7.77325
1276	68.5	-6.77079
1277	67	-8.26834
1278	67.5	-7.76588
1279	67.5	-7.76343
1280	68	-7.33489
1281	67.5	-7.83244
1282	66	-9.32998
1283	69	-6.32752
1284	69	-6.32507
1285	67.5	-7.82261
1286	67.5	-7.82016
1287	67	-8.3177
1288	68.5	-6.81524
1289	66.5	-8.81279
1290	68	-7.31033
1291	67.5	-7.80788
1292	67.5	-7.80542
1293	67	-8.30297
1294	67.5	-7.80051
1295	67.5	-7.79805
1296	66	-9.2956
1297	66.5	-8.79314
1298	65.5	-9.79069
1299	65.5	-9.78823
1300	67.5	-7.78577
1301	67.5	-7.78332
1302	67.5	-7.78086
1303	66.5	-8.77841
1304	67	-8.27595
1305	67	-8.27349
1306	67.5	-7.77104
1307	67.5	-7.76858
1308	67.5	-7.76613
1309	68.5	-6.76367
1310	67.5	-7.76122
1311	67.5	-7.75876
1312	66.5	-8.7563
1313	66.5	-8.75385
1314	67.5	-7.75139
1315	67.5	-7.74894
1316	67.5	-7.74648
1317	66.5	-8.74402
1318	67.5	-7.74157
1319	68	-7.23911
1320	67.5	-7.73666
1321	67.5	-7.7342
1322	67	-8.23174
1323	67.5	-7.72929
1324	66.5	-8.72683
1325	68	-7.22438
1326	67.5	-7.72192
1327	68	-7.21947
1328	68.5	-6.79093
1329	67	-8.28848
1330	66	-9.28602
1331	66	-9.28356
1332	67.5	-7.78111
1333	68	-7.27865
1334	66	-9.2762
1335	67.5	-7.77374
1336	67	-8.27128
1337	67	-8.26883
1338	66.5	-8.76637
1339	66	-9.26392
1340	66.5	-8.76146
1341	66	-9.25901
1342	67	-8.25655
1343	67	-8.25409
1344	67	-8.25164
1345	68	-7.24918
1346	66.5	-8.74673
1347	67	-8.24427
1348	66.5	-8.74181
1349	67	-8.23936
1350	67	-8.2369
1351	66.5	-8.73445
1352	66.5	-8.73199
1353	66.5	-8.72953
1354	66.5	-8.72708
1355	67.5	-7.72462
1356	66.5	-8.72217
1357	66.5	-8.71971
1358	67	-8.21726
1359	66	-9.2148
1360	67.5	-7.71234
1361	67	-8.20989
1362	67	-8.20743
1363	67	-8.20498
1364	67.5	-7.70252
1365	66	-9.20006
1366	66.5	-8.69761
1367	69	-6.19515
1368	67	-8.1927
1369	67	-8.19024
1370	67	-8.18778
1371	67	-8.18533
1372	67	-8.18287
1373	67	-8.18042
1374	66.5	-8.67796
1375	67	-8.17551
1376	68	-7.24697
1377	68	-7.24452
1378	67.5	-7.74206
1379	67	-8.2396
1380	67.5	-7.73715
1381	67	-8.23469
1382	67	-8.23224
1383	68.5	-6.72978
1384	67.5	-7.72732
1385	67.5	-7.72487
1386	67	-8.22241
1387	66	-9.21996
1388	67	-8.2175
1389	66	-9.21504
1390	66.5	-8.71259
1391	67	-8.21013
1392	68	-7.20768
1393	66.5	-8.70522
1394	66.5	-8.70277
1395	66.5	-8.70031
1396	66.5	-8.69785
1397	65.5	-9.6954
1398	66.5	-8.69294
1399	67	-8.19049
1400	66	-9.18803
1401	67	-8.18557
1402	67	-8.18312
1403	67.5	-7.68066
1404	66	-9.17821
1405	67.5	-7.67575
1406	65.5	-9.67329
1407	67.5	-7.67084
1408	67	-8.16838
1409	66.5	-8.66593
1410	69	-6.16347
1411	66.5	-8.66102
1412	68.5	-6.65856
1413	67.5	-7.6561
1414	66.5	-8.65365
1415	68.5	-6.65119
1416	67.5	-7.64874
1417	67.5	-7.64628
1418	67	-8.14382
1419	68	-7.14137
1420	67.5	-7.63891
1421	66.5	-8.63646
1422	66	-9.134
1423	68.5	-6.63154
1424	69	-6.20301
1425	67.5	-7.70056
1426	67.5	-7.6981
1427	67	-8.19564
1428	67	-8.19319
1429	67	-8.19073
1430	68	-7.18828
1431	68.5	-6.68582
1432	67.5	-7.68336
1433	67.5	-7.68091
1434	67	-8.17845
1435	67	-8.176
1436	68.5	-6.67354
1437	67	-8.17108
1438	67	-8.16863
1439	66.5	-8.66617
1440	67	-8.16372
1441	66	-9.16126
1442	66.5	-8.65881
1443	66.5	-8.65635
1444	66	-9.15389
1445	65	-10.1514
1446	65.5	-9.64898
1447	67	-8.14653
1448	67	-8.14407
1449	65.5	-9.64161
1450	65	-10.1392
1451	65.5	-9.6367
1452	66.5	-8.63425
1453	66	-9.13179
1454	66.5	-8.62933
1455	67.5	-7.62688
1456	66.5	-8.62442
1457	66.5	-8.62197
1458	67	-8.11951
1459	67.5	-7.61706
1460	67	-8.1146
1461	67	-8.11214
1462	65.5	-9.60969
1463	67.5	-7.60723
1464	67.5	-7.60478
1465	67	-8.10232
1466	68	-7.09986
1467	67.5	-7.59741
1468	67.5	-7.59495
1469	67.5	-7.5925
1470	66.5	-8.59004
1471	68	-7.08758
1472	67.5	-7.65905
1473	68.5	-6.65659
1474	68	-7.15414
1475	69	-6.15168
1476	67.5	-7.64923
1477	68	-7.14677
1478	67	-8.14432
1479	66.5	-8.64186
1480	67.5	-7.6394
1481	67.5	-7.63695
1482	67.5	-7.63449
1483	67.5	-7.63204
1484	67.5	-7.62958
1485	67.5	-7.62712
1486	67.5	-7.62467
1487	67.5	-7.62221
1488	66	-9.11976
1489	67.5	-7.6173
1490	67.5	-7.61484
1491	66.5	-8.61239
1492	65.5	-9.60993
1493	67.5	-7.60748
1494	67.5	-7.60502
1495	67	-8.10257
1496	66.5	-8.60011
1497	67	-8.09765
1498	67	-8.0952
1499	68	-7.09274
1500	66.5	-8.59029
1501	67.5	-7.58783
1502	66.5	-8.58537
1503	67.5	-7.58292
1504	68	-7.08046
1505	67.5	-7.57801
1506	67	-8.07555
1507	67.5	-7.57309
1508	68	-7.07064
1509	68.5	-6.56818
1510	68.5	-6.56573
1511	68.5	-6.56327
1512	66.5	-8.56082
1513	67	-8.05836
1514	67.5	-7.5559
1515	67.5	-7.55345
1516	67	-8.05099
1517	68.5	-6.54854
1518	67.5	-7.54608
1519	67	-8.04362
1520	68.5	-6.61509
1521	67.5	-7.61263
1522	66.5	-8.61018
1523	67	-8.10772
1524	66.5	-8.60527
1525	67	-8.10281
1526	66	-9.10036
1527	67.5	-7.5979
1528	67.5	-7.59544
1529	65.5	-9.59299
1530	66.5	-8.59053
1531	66	-9.08808
1532	66.5	-8.58562
1533	65.5	-9.58316
1534	65.5	-9.58071
1535	67	-8.07825
1536	68	-7.0758
1537	66	-9.07334
1538	66	-9.07088
1539	67	-8.06843
1540	66.5	-8.56597
1541	65	-10.0635
1542	66	-9.06106
1543	66.5	-8.55861
1544	68	-7.05615
1545	66.5	-8.55369
1546	67.5	-7.55124
1547	67.5	-7.54878
1548	68.5	-6.54633
1549	66.5	-8.54387
1550	67	-8.04141
1551	66	-9.03896
1552	67	-8.0365
1553	66.5	-8.53405
1554	68.5	-6.53159
1555	68	-7.02913
1556	67.5	-7.52668
1557	67.5	-7.52422
1558	65.5	-9.52177
1559	66.5	-8.51931
1560	68	-7.01686
1561	67.5	-7.5144
1562	66.5	-8.51194
1563	66	-9.00949
1564	66.5	-8.50703
1565	67	-8.00458
1566	66.5	-8.50212
1567	66.5	-8.49966
1568	67.5	-7.57113
1569	67.5	-7.56867
1570	66.5	-8.56622
1571	68	-7.06376
1572	66.5	-8.56131
1573	67	-8.05885
1574	66.5	-8.55639
1575	67.5	-7.55394
1576	65.5	-9.55148
1577	66.5	-8.54903
1578	67.5	-7.54657
1579	66	-9.04412
1580	66.5	-8.54166
1581	67.5	-7.5392
1582	66.5	-8.53675
1583	67.5	-7.53429
1584	66	-9.03184
1585	66.5	-8.52938
1586	67.5	-7.52692
1587	68.5	-6.52447
1588	67.5	-7.52201
1589	69	-6.01956
1590	67	-8.0171
1591	66.5	-8.51464
1592	67.5	-7.51219
1593	66	-9.00973
1594	66.5	-8.50728
1595	67.5	-7.50482
1596	67.5	-7.50237
1597	66.5	-8.49991
1598	66.5	-8.49745
1599	68	-6.995
1600	67.5	-7.49254
1601	66.5	-8.49009
1602	67.5	-7.48763
1603	67	-7.98517
1604	66.5	-8.48272
1605	67.5	-7.48026
1606	66.5	-8.47781
1607	67.5	-7.47535
1608	67	-7.97289
1609	67.5	-7.47044
1610	66.5	-8.46798
1611	66.5	-8.46553
1612	66	-8.96307
1613	68	-6.96062
1614	66.5	-8.45816
1615	68	-6.9557
1616	67	-8.02717
1617	66.5	-8.52471
1618	67	-8.02226
1619	67	-8.0198
1620	67.5	-7.51735
1621	67	-8.01489
1622	66.5	-8.51243
1623	67	-8.00998
1624	66	-9.00752
1625	66.5	-8.50507
1626	66.5	-8.50261
1627	65.5	-9.50016
1628	67.5	-7.4977
1629	66.5	-8.49524
1630	67	-7.99279
1631	66	-8.99033
1632	66.5	-8.48788
1633	66.5	-8.48542
1634	67.5	-7.48296
1635	67.5	-7.48051
1636	67	-7.97805
1637	67.5	-7.4756
1638	65.5	-9.47314
1639	65.5	-9.47068
1640	66	-8.96823
1641	66.5	-8.46577
1642	66.5	-8.46332
1643	67.5	-7.46086
1644	67.5	-7.45841
1645	67.5	-7.45595
1646	66.5	-8.45349
1647	67.5	-7.45104
1648	67.5	-7.44858
1649	67.5	-7.44613
1650	67.5	-7.44367
1651	67.5	-7.44121
1652	67	-7.93876
1653	67	-7.9363
1654	67	-7.93385
1655	67	-7.93139
1656	67	-7.92893
1657	66.5	-8.42648
1658	66.5	-8.42402
1659	67	-7.92157
1660	66.5	-8.41911
1661	67.5	-7.41666
1662	66.5	-8.4142
1663	66.5	-8.41174
1664	67.5	-7.48321
1665	67.5	-7.48075
1666	67	-7.9783
1667	66.5	-8.47584
1668	66.5	-8.47339
1669	66.5	-8.47093
1670	65.5	-9.46847
1671	66.5	-8.46602
1672	66	-8.96356
1673	66.5	-8.46111
1674	67	-7.95865
1675	66	-8.95619
1676	66.5	-8.45374
1677	67	-7.95128
1678	66.5	-8.44883
1679	66	-8.94637
1680	66.5	-8.44392
1681	67.5	-7.44146
1682	65.5	-9.439
1683	67	-7.93655
1684	66.5	-8.43409
1685	66.5	-8.43164
1686	67.5	-7.42918
1687	66.5	-8.42672
1688	67	-7.92427
1689	66.5	-8.42181
1690	66	-8.91936
1691	66.5	-8.4169
1692	67	-7.91444
1693	69	-5.91199
1694	67.5	-7.40953
1695	68.5	-6.40708
1696	66	-8.90462
1697	67	-7.90217
1698	66.5	-8.39971
1699	66.5	-8.39725
1700	66.5	-8.3948
1701	66.5	-8.39234
1702	66.5	-8.38989
1703	66.5	-8.38743
1704	67.5	-7.38497
1705	67.5	-7.38252
1706	68	-6.88006
1707	68.5	-6.37761
1708	67	-7.87515
1709	67.5	-7.37269
1710	66.5	-8.37024
1711	68	-6.86778
1712	67.5	-7.43925
1713	66.5	-8.43679
1714	66.5	-8.43434
1715	66	-8.93188
1716	66	-8.92943
1717	67	-7.92697
1718	66	-8.92451
1719	66.5	-8.42206
1720	67	-7.9196
1721	65.5	-9.41715
1722	66.5	-8.41469
1723	67	-7.91223
1724	66	-8.90978
1725	65.5	-9.40732
1726	66	-8.90487
1727	65.5	-9.40241
1728	65.5	-9.39996
1729	67.5	-7.3975
1730	67	-7.89504
1731	67	-7.89259
1732	66.5	-8.39013
1733	65.5	-9.38768
1734	66.5	-8.38522
1735	65.5	-9.38276
1736	65.5	-9.38031
1737	65.5	-9.37785
1738	64.5	-10.3754
1739	66	-8.87294
1740	67.5	-7.37048
1741	66	-8.86803
1742	66.5	-8.36557
1743	65.5	-9.36312
1744	67	-7.86066
1745	66	-8.85821
1746	66	-8.85575
1747	65.5	-9.35329
1748	66.5	-8.35084
1749	67	-7.84838
1750	67.5	-7.34593
1751	66.5	-8.34347
1752	67	-7.84101
1753	67	-7.83856
1754	67.5	-7.3361
1755	67	-7.83365
1756	68	-6.83119
1757	67	-7.82873
1758	67	-7.82628
1759	67.5	-7.32382
1760	67	-7.89529
1761	66.5	-8.39283
1762	66.5	-8.39038
1763	67.5	-7.38792
1764	66	-8.88547
1765	67.5	-7.38301
1766	66.5	-8.38055
1767	66	-8.8781
1768	66	-8.87564
1769	68.5	-6.37319
1770	67	-7.87073
1771	66.5	-8.36827
1772	67	-7.86582
1773	66	-8.86336
1774	67	-7.86091
1775	66.5	-8.35845
1776	67	-7.85599
1777	67	-7.85354
1778	66	-8.85108
1779	67.5	-7.34863
1780	67	-7.84617
1781	67.5	-7.34372
1782	65.5	-9.34126
1783	65.5	-9.3388
1784	66.5	-8.33635
1785	67	-7.83389
1786	66.5	-8.33144
1787	65.5	-9.32898
1788	66.5	-8.32652
1789	66.5	-8.32407
1790	66.5	-8.32161
1791	67	-7.81916
1792	67	-7.8167
1793	67	-7.81424
1794	68	-6.81179
1795	67.5	-7.30933
1796	67	-7.80688
1797	66.5	-8.30442
1798	68	-6.80197
1799	67.5	-7.29951
1800	66.5	-8.29705
1801	69.5	-5.2946
1802	67.5	-7.29214
1803	67.5	-7.28969
1804	68	-6.78723
1805	68	-6.78477
1806	66.5	-8.28232
1807	68.5	-6.27986
1808	67.5	-7.35133
1809	67.5	-7.34887
1810	67	-7.84642
1811	67.5	-7.34396
1812	66.5	-8.34151
1813	66.5	-8.33905
1814	67	-7.83659
1815	66.5	-8.33414
1816	67	-7.83168
1817	66.5	-8.32923
1818	66.5	-8.32677
1819	66.5	-8.32431
1820	66.5	-8.32186
1821	67	-7.8194
1822	66.5	-8.31695
1823	66.5	-8.31449
1824	67.5	-7.31203
1825	66	-8.80958
1826	66.5	-8.30712
1827	67.5	-7.30467
1828	65.5	-9.30221
1829	67	-7.79976
1830	66.5	-8.2973
1831	66.5	-8.29484
1832	67.5	-7.29239
1833	65.5	-9.28993
1834	67.5	-7.28748
1835	66.5	-8.28502
1836	66.5	-8.28256
1837	68	-6.78011
1838	66.5	-8.27765
1839	66.5	-8.2752
1840	67	-7.77274
1841	67	-7.77028
1842	67.5	-7.26783
1843	68	-6.76537
1844	68	-6.76292
1845	67.5	-7.26046
1846	67.5	-7.25801
1847	68	-6.75555
1848	66.5	-8.25309
1849	67.5	-7.25064
1850	67	-7.74818
1851	67.5	-7.24573
1852	68.5	-6.24327
1853	66.5	-8.24081
1854	68	-6.73836
1855	67.5	-7.2359
1856	68	-6.80737
1857	67.5	-7.30491
1858	67	-7.80246
1859	68	-6.8
1860	67	-7.79754
1861	66.5	-8.29509
1862	67	-7.79263
1863	66.5	-8.29018
1864	67	-7.78772
1865	67	-7.78527
1866	67	-7.78281
1867	66	-8.78035
1868	66.5	-8.2779
1869	67.5	-7.27544
1870	67	-7.77299
1871	67.5	-7.27053
1872	66	-8.76807
1873	67.5	-7.26562
1874	67	-7.76316
1875	66.5	-8.26071
1876	67.5	-7.25825
1877	66	-8.75579
1878	67.5	-7.25334
1879	67	-7.75088
1880	67	-7.74843
1881	66.5	-8.24597
1882	66.5	-8.24352
1883	67.5	-7.24106
1884	67.5	-7.2386
1885	65.5	-9.23615
1886	67.5	-7.23369
1887	67.5	-7.23124
1888	67.5	-7.22878
1889	66.5	-8.22632
1890	67	-7.72387
1891	67	-7.72141
1892	67	-7.71896
1893	66.5	-8.2165
1894	67.5	-7.21404
1895	67	-7.71159
1896	67.5	-7.20913
1897	68	-6.70668
1898	68.5	-6.20422
1899	66.5	-8.20177
1900	67	-7.69931
1901	68	-6.69685
1902	68.5	-6.1944
1903	67.5	-7.19194
1904	68	-6.76341
1905	68	-6.76095
1906	68	-6.7585
1907	67.5	-7.25604
1908	68.5	-6.25358
1909	67.5	-7.25113
1910	66.5	-8.24867
1911	67.5	-7.24622
1912	66.5	-8.24376
1913	65.5	-9.24131
1914	67.5	-7.23885
1915	67.5	-7.23639
1916	67	-7.73394
1917	67	-7.73148
1918	67	-7.72903
1919	67.5	-7.22657
1920	66	-8.72411
1921	67	-7.72166
1922	67.5	-7.2192
1923	67	-7.71675
1924	67	-7.71429
1925	67	-7.71183
1926	66.5	-8.20938
1927	66	-8.70692
1928	67	-7.70447
1929	67	-7.70201
1930	67.5	-7.19956
1931	66	-8.6971
1932	66	-8.69464
1933	67	-7.69219
1934	67.5	-7.18973
1935	67	-7.68728
1936	67	-7.68482
1937	67	-7.68236
1938	67.5	-7.17991
1939	67	-7.67745
1940	66	-8.675
1941	67.5	-7.17254
1942	67.5	-7.17008
1943	67	-7.66763
1944	68	-6.66517
1945	67.5	-7.16272
1946	66.5	-8.16026
1947	67	-7.65781
1948	67	-7.65535
1949	66	-8.65289
1950	68	-6.65044
1951	68.5	-6.14798
1952	68	-6.71945
1953	68	-6.71699
1954	67.5	-7.21454
1955	66	-8.71208
1956	66.5	-8.20962
1957	67	-7.70717
1958	65.5	-9.20471
1959	66.5	-8.20226
1960	65.5	-9.1998
1961	66	-8.69734
1962	66.5	-8.19489
1963	66.5	-8.19243
1964	66.5	-8.18998
1965	65.5	-9.18752
1966	66.5	-8.18507
1967	66.5	-8.18261
1968	68	-6.68015
1969	66.5	-8.1777
1970	67	-7.67524
1971	66.5	-8.17279
1972	66.5	-8.17033
1973	66.5	-8.16787
1974	65	-9.66542
1975	67	-7.66296
1976	66.5	-8.16051
1977	65.5	-9.15805
1978	66	-8.65559
1979	67	-7.65314
1980	68	-6.65068
1981	67	-7.64823
1982	66.5	-8.14577
1983	66	-8.64332
1984	66.5	-8.14086
1985	66.5	-8.1384
1986	66	-8.63595
1987	66.5	-8.13349
1988	65.5	-9.13104
1989	65.5	-9.12858
1990	66.5	-8.12612
1991	67.5	-7.12367
1992	66.5	-8.12121
1993	67.5	-7.11876
1994	66.5	-8.1163
1995	67.5	-7.11384
1996	67	-7.61139
1997	67	-7.60893
1998	67.5	-7.10648
1999	68	-6.60402
2000	67	-7.67549
2001	67	-7.67303
2002	67.5	-7.17058
2003	68.5	-6.16812
2004	66.5	-8.16566
2005	66.5	-8.16321
2006	67	-7.66075
2007	66.5	-8.1583
2008	65.5	-9.15584
2009	66.5	-8.15338
2010	67.5	-7.15093
2011	66	-8.64847
2012	67.5	-7.14602
2013	65.5	-9.14356
2014	65.5	-9.14111
2015	67.5	-7.13865
2016	67	-7.63619
2017	67.5	-7.13374
2018	65.5	-9.13128
2019	66	-8.62883
2020	66.5	-8.12637
2021	66.5	-8.12391
2022	66	-8.62146
2023	67	-7.619
2024	67	-7.61655
2025	67	-7.61409
2026	66.5	-8.11163
2027	68	-6.60918
2028	66.5	-8.10672
2029	66	-8.60427
2030	67	-7.60181
2031	67	-7.59936
2032	67	-7.5969
2033	67	-7.59444
2034	66.5	-8.09199
2035	67	-7.58953
2036	66.5	-8.08708
2037	67	-7.58462
2038	66.5	-8.08216
2039	67	-7.57971
2040	66.5	-8.07725
2041	67	-7.5748
2042	69	-5.57234
2043	68	-6.56988
2044	67	-7.56743
2045	67.5	-7.06497
2046	68	-6.56252
2047	68	-6.56006
2048	68.5	-6.13153
2049	67.5	-7.12907
2050	67	-7.62662
2051	67	-7.62416
2052	64.5	-10.1217
2053	66.5	-8.11925
2054	65.5	-9.11679
2055	66.5	-8.11434
2056	66	-8.61188
2057	67	-7.60942
2058	66.5	-8.10697
2059	66.5	-8.10451
2060	67	-7.60206
2061	65.5	-9.0996
2062	66.5	-8.09714
2063	68	-6.59469
2064	66.5	-8.09223
2065	66.5	-8.08978
2066	67	-7.58732
2067	68	-6.58487
2068	68.5	-6.08241
2069	66.5	-8.07995
2070	66.5	-8.0775
2071	65.5	-9.07504
2072	66	-8.57259
2073	66.5	-8.07013
2074	66.5	-8.06767
2075	66	-8.56522
2076	66	-8.56276
2077	67.5	-7.06031
2078	68.5	-6.05785
2079	68.5	-6.05539
2080	66	-8.55294
2081	67.5	-7.05048
2082	66.5	-8.04803
2083	68	-6.54557
2084	68.5	-6.04312
2085	65.5	-9.04066
2086	66.5	-8.0382
2087	67	-7.53575
2088	68.5	-6.03329
2089	68.5	-6.03084
2090	66.5	-8.02838
2091	66.5	-8.02592
2092	66.5	-8.02347
2093	66.5	-8.02101
2094	67.5	-7.01856
2095	67.5	-7.0161
2096	67	-7.58757
2097	66.5	-8.08511
2098	66.5	-8.08266
2099	66.5	-8.0802
2100	65.5	-9.07774
2101	66	-8.57529
2102	66	-8.57283
2103	66	-8.57038
2104	66.5	-8.06792
2105	65.5	-9.06546
2106	67	-7.56301
2107	65.5	-9.06055
2108	65	-9.5581
2109	68	-6.55564
2110	66	-8.55318
2111	66.5	-8.05073
2112	65.5	-9.04827
2113	66	-8.54582
2114	65.5	-9.04336
2115	67	-7.54091
2116	66.5	-8.03845
2117	66	-8.53599
2118	65.5	-9.03354
2119	67	-7.53108
2120	66	-8.52863
2121	68	-6.52617
2122	66	-8.52371
2123	65.5	-9.02126
2124	65.5	-9.0188
2125	67	-7.51635
2126	65.5	-9.01389
2127	65.5	-9.01143
2128	67.5	-7.00898
2129	68.5	-6.00652
2130	68.5	-6.00407
2131	66.5	-8.00161
2132	67	-7.49916
2133	66	-8.4967
2134	67	-7.49424
2135	67.5	-6.99179
2136	67	-7.48933
2137	67	-7.48688
2138	67	-7.48442
2139	67	-7.48196
2140	67	-7.47951
2141	67	-7.47705
2142	69	-5.4746
2143	67.5	-6.97214
2144	70.5	-4.04361
2145	67	-7.54115
2146	66.5	-8.03869
2147	66.5	-8.03624
2148	67	-7.53378
2149	66.5	-8.03133
2150	65.5	-9.02887
2151	66	-8.52642
2152	66	-8.52396
2153	67	-7.5215
2154	65	-9.51905
2155	67	-7.51659
2156	65.5	-9.01414
2157	65.5	-9.01168
2158	66	-8.50922
2159	66.5	-8.00677
2160	65.5	-9.00431
2161	66.5	-8.00186
2162	65	-9.4994
2163	67.5	-6.99694
2164	67	-7.49449
2165	66.5	-7.99203
2166	66	-8.48958
2167	67	-7.48712
2168	67	-7.48467
2169	67.5	-6.98221
2170	66	-8.47975
2171	67.5	-6.9773
2172	68	-6.47484
2173	68.5	-5.97239
2174	65.5	-8.96993
2175	66.5	-7.96747
2176	66	-8.46502
2177	68	-6.46256
2178	66	-8.46011
2179	66.5	-7.95765
2180	67.5	-6.95519
2181	66.5	-7.95274
2182	66.5	-7.95028
2183	65.5	-8.94783
2184	69.5	-4.94537
2185	67	-7.44292
2186	67	-7.44046
2187	68	-6.438
2188	67	-7.43555
2189	67	-7.43309
2190	67	-7.43064
2191	68.5	-5.92818
2192	66	-8.49965
2193	66.5	-7.99719
2194	66.5	-7.99473
2195	65.5	-8.99228
2196	66	-8.48982
2197	65.5	-8.98737
2198	66	-8.48491
2199	67.5	-6.98246
2200	68	-6.48
2201	66	-8.47754
2202	65.5	-8.97509
2203	65.5	-8.97263
2204	66	-8.47018
2205	67	-7.46772
2206	66	-8.46526
2207	66	-8.46281
2208	65.5	-8.96035
2209	66	-8.4579
2210	66	-8.45544
2211	66.5	-7.95298
2212	66	-8.45053
2213	65.5	-8.94807
2214	66	-8.44562
2215	65.5	-8.94316
2216	67	-7.44071
2217	66	-8.43825
2218	66	-8.43579
2219	66	-8.43334
2220	66	-8.43088
2221	66.5	-7.92843
2222	66	-8.42597
2223	67	-7.42351
2224	69	-5.42106
2225	68	-6.4186
2226	68	-6.41615
2227	67.5	-6.91369
2228	67	-7.41123
2229	66	-8.40878
2230	67.5	-6.90632
2231	67.5	-6.90387
2232	67	-7.40141
2233	67	-7.39896
2234	67	-7.3965
2235	67	-7.39404
2236	67	-7.39159
2237	67.5	-6.88913
2238	67	-7.38668
2239	67	-7.38422
2240	72.3333	-4.70729
2241	72.3333	-4.70238
2242	71.6667	-5.36413
2243	71.8333	-5.19256
2244	71.5	-5.52098
2245	71.5	-5.51607
2246	71.5	-5.51115
2247	71.5	-5.50624
2248	71.6667	-5.33466
2249	72	-4.99642
2250	72.3333	-4.65818
2251	72.3333	-4.65327
2252	71.5	-5.46253
2253	73	-3.95762
2254	71.5	-5.4527
2255	72	-4.94779
2256	71.5	-5.44288
2257	71.5	-5.43797
2258	72	-4.93306
2259	72.5	-4.42815
2260	71.5	-5.42323
2261	72	-4.91832
2262	71.5	-5.41341
2263	71.5	-5.4085
2264	71.5	-5.40359
2265	71.5	-5.39867
2266	72	-4.89376
2267	72	-4.88885
2268	71.5	-5.38443
2269	71.5	-5.37952
2270	71.5	-5.37461
2271	71.5	-5.3697
2272	71	-5.86478
2273	71.5	-5.35987
2274	71	-5.85496
2275	71	-5.85005
2276	71.5	-5.34514
2277	72	-4.84022
2278	71.5	-5.33531
2279	71.5	-5.3304
2280	72	-4.82549
2281	72	-4.82058
2282	71.5	-5.31567
2283	71.5	-5.31075
2284	71.5	-5.30584
2285	72	-4.80093
2286	72	-4.79602
2287	72	-4.79111
2288	71.5	-5.30142
2289	71.5	-5.29651
2290	71.5	-5.2916
2291	71.5	-5.28669
2292	71	-5.78177
2293	72	-4.77686
2294	71	-5.77195
2295	71.5	-5.26704
2296	71	-5.76213
2297	71	-5.75722
2298	71	-5.7523
2299	71	-5.74739
2300	71	-5.74248
2301	71	-5.73757
2302	71.5	-5.23266
2303	71	-5.72775
2304	71	-5.72283
2305	72	-4.71792
2306	71.5	-5.21301
2307	71	-5.7081
2308	72	-4.70319
2309	71.5	-5.19827
2310	71.5	-5.21841
2311	71.5	-5.2135
2312	71.5	-5.20859
2313	71	-5.70368
2314	71.5	-5.19877
2315	71.5	-5.19385
2316	71	-5.68894
2317	71	-5.68403
2318	71	-5.67912
2319	72	-4.67421
2320	71.5	-5.1693
2321	71	-5.66438
2322	71.5	-5.15947
2323	70.5	-6.15456
2324	71	-5.64965
2325	71.5	-5.14474
2326	71	-5.63982
2327	71	-5.63491
2328	71.5	-5.13
2329	71	-5.62509
2330	71.5	-5.12018
2331	71	-5.61527
2332	71.5	-5.11035
2333	71	-5.60544
2334	71	-5.6354
2335	71	-5.63049
2336	70.5	-6.12558
2337	71	-5.62067
2338	70.5	-6.11576
2339	71.5	-5.11085
2340	71	-5.60593
2341	71.5	-5.10102
2342	71	-5.59611
2343	71	-5.5912
2344	70.5	-6.08629
2345	71	-5.58137
2346	70.5	-6.07646
2347	71	-5.57155
2348	71.5	-5.06664
2349	70.5	-6.06173
2350	71.5	-5.05682
2351	71	-5.5519
2352	71	-5.54699
2353	71	-5.54208
2354	71	-5.53717
2355	71.5	-5.03226
2356	71	-5.52735
2357	71	-5.52243
2358	71	-5.51752
2359	71	-5.51261
2360	71	-5.5524
2361	70.5	-6.04748
2362	70.5	-5.92469
2363	70.5	-5.91978
2364	70	-6.46939
2365	70	-6.46447
2366	70.5	-5.95956
2367	69.5	-6.83677
2368	70.5	-5.83186
2369	70	-6.32695
2370	70.5	-5.88638
2371	70.5	-5.88147
2372	70.5	-5.87655
2373	70.5	-5.87164
2374	70.5	-5.74885
2375	70.5	-5.74394
2376	70.5	-5.73902
2377	70.5	-5.73411
2378	70	-6.29846
2379	69.5	-6.79355
2380	70	-6.28863
2381	70.5	-5.78372
2382	70	-6.16093
2383	70.5	-5.65602
2384	70.5	-5.6511
2385	70.5	-5.64619
2386	69.5	-6.71545
2387	70	-6.21054
2388	69.5	-6.70562
2389	70	-6.20071
2390	69.5	-6.6958
2391	69.5	-6.57301
2392	69	-7.0681
2393	69.5	-6.56318
2394	70	-6.05827
2395	70	-6.05336
2396	70	-6.12753
2397	69.5	-6.62262
2398	69.5	-6.6177
2399	69.5	-6.61279
2400	70	-6.10788
2401	70	-5.98509
2402	69.5	-6.48017
2403	70	-5.97526
2404	69.5	-6.47035
2405	70.5	-5.46544
2406	70.5	-5.54452
2407	69.5	-6.53961
2408	70	-6.0347
2409	70	-6.02978
2410	69.5	-6.52487
2411	69.5	-6.51996
2412	69.5	-6.39717
2413	69.5	-6.39225
2414	70.5	-5.38734
2415	69	-6.88243
2416	69.5	-6.37752
2417	70	-5.87261
2418	70	-5.9566
2419	70	-5.95169
2420	70	-5.94677
2421	70	-5.94186
2422	70	-5.93695
2423	69.5	-6.43204
2424	70	-5.80925
2425	70	-5.80433
2426	69.5	-6.29942
2427	70	-5.79451
2428	70	-5.7896
2429	70	-5.78469
2430	68.5	-7.36868
2431	69.5	-6.36377
2432	70.5	-5.35885
2433	70	-5.85394
2434	69.5	-6.34903
2435	69	-6.84412
2436	69	-6.72132
2437	69	-6.71641
2438	69.5	-6.2115
2439	69.5	-6.20659
2440	69	-6.70168
2441	69.5	-6.19677
2442	69.5	-6.28076
2443	70	-5.77585
2444	70	-5.77093
2445	69.5	-6.26602
2446	69.5	-6.26111
2447	69	-6.7562
2448	69	-6.6334
2449	69	-6.62849
2450	69	-6.62358
2451	69.5	-6.11867
2452	69.5	-6.11376
2453	69.5	-6.10885
2454	69.5	-6.19284
2455	69.5	-6.18792
2456	69.5	-6.18301
2457	69.5	-6.1781
2458	69	-6.67319
2459	69	-6.66828
2460	69.5	-6.04548
2461	68.5	-7.04057
2462	68.5	-7.03566
2463	69.5	-6.03075
2464	69	-6.52584
2465	69	-6.52092
2466	69.5	-6.10492
2467	69.5	-6.1
2468	68.5	-7.09509
2469	69	-6.59018
2470	68.5	-7.08527
2471	69	-6.58036
2472	68.5	-6.95756
2473	68	-7.45265
2474	68.5	-6.94774
2475	69.5	-5.94283
2476	69.5	-5.93792
2477	68.5	-6.933
2478	69	-6.517
2479	68	-7.51208
2480	69	-6.50717
2481	69.5	-6.00226
2482	68.5	-6.99735
2483	68	-7.49244
2484	68	-7.36964
2485	69.5	-5.86473
2486	68	-7.35982
2487	68.5	-6.85491
2488	68.5	-6.85
2489	68.5	-6.84508
2490	68.5	-6.92907
2491	68.5	-6.92416
2492	69	-6.41925
2493	68.5	-6.91434
2494	69	-6.40943
2495	69.5	-5.90452
2496	68	-7.28172
2497	68	-7.27681
2498	68.5	-6.7719
2499	68.5	-6.76699
2500	68	-7.26207
2501	67.5	-7.75716
2502	69	-6.34115
2503	68	-7.33624
2504	69	-6.33133
2505	69	-6.32642
2506	68.5	-6.82151
2507	69	-6.3166
2508	68	-7.1938
2509	68.5	-6.68889
2510	68	-7.18398
2511	68.5	-6.67907
2512	68.5	-6.67415
2513	68.5	-6.66924
2514	70	-5.25323
2515	70	-5.24832
2516	70	-5.24341
2517	69	-6.2385
2518	69.5	-5.73359
2519	70	-5.22867
2520	67.5	-7.60588
2521	68.5	-6.60097
2522	68.5	-6.59606
2523	69	-6.09115
2524	69.5	-5.58623
2525	69.5	-5.58132
2526	69.5	-5.66531
2527	69.5	-5.6604
2528	69.5	-5.65549
2529	69	-6.15058
2530	70	-5.14567
2531	70	-5.14075
2532	68.5	-6.51796
2533	69	-6.01305
2534	69	-6.00814
2535	69	-6.00323
2536	69.5	-5.49831
2537	70	-4.9934
2538	68.5	-6.57739
2539	69	-6.07248
2540	68.5	-6.56757
2541	69	-6.06266
2542	68.5	-6.55775
2543	67.5	-7.55283
2544	69	-5.93004
2545	69.5	-5.42513
2546	69	-5.92022
2547	69	-5.9153
2548	68.5	-6.41039
2549	69.5	-5.40548
2550	69.5	-5.48456
2551	68.5	-6.47965
2552	69.5	-5.47474
2553	69	-5.96983
2554	68.5	-6.46491
2555	68.5	-6.34212
2556	69	-5.83721
2557	69	-5.8323
2558	69	-5.82738
2559	69.5	-5.32247
2560	69	-5.89664
2561	68.5	-6.39173
2562	68.5	-6.38682
2563	68	-6.8819
2564	68	-6.87699
2565	69.5	-5.2542
2566	69	-5.74929
2567	69	-5.74437
2568	69	-5.73946
2569	69	-5.73455
2570	68.5	-6.30381
2571	68.5	-6.2989
2572	69.5	-5.29398
2573	69.5	-5.28907
2574	67.5	-7.16628
2575	68.5	-6.16137
2576	68.5	-6.15645
2577	69	-5.65154
2578	68.5	-6.21589
2579	68	-6.71097
2580	68.5	-6.20606
2581	68.5	-6.20115
2582	68.5	-6.07836
2583	69	-5.57345
2584	68	-6.56853
2585	68.5	-6.06362
2586	68.5	-6.12305
2587	68	-6.61814
2588	67	-7.61323
2589	68.5	-5.99044
2590	68.5	-5.98552
2591	68.5	-5.98061
2592	67.5	-7.03022
2593	68	-6.52531
2594	68	-6.40252
2595	68.5	-5.8976
2596	69	-5.43739
2597	66	-8.43248
2598	66	-8.42757
2599	66	-8.42265
2600	66	-8.41774
2601	66.5	-7.91283
2602	66.5	-7.90792
2603	67	-7.40301
2604	67.5	-6.8981
2605	67	-7.39318
2606	66.5	-7.88827
2607	67	-7.38336
2608	66	-8.37845
2609	67.5	-6.87354
2610	66.5	-7.86862
2611	68	-6.36371
2612	66.5	-7.8588
2613	67	-7.35389
2614	67	-7.34898
2615	67	-7.34407
2616	67	-7.33915
2617	67	-7.33424
2618	68.5	-5.82933
2619	67.5	-6.82442
2620	68	-6.31951
2621	68	-6.3146
2622	66	-8.34456
2623	66	-8.33965
2624	66.5	-7.83473
2625	66	-8.32982
2626	66	-8.32491
2627	66.5	-7.82
2628	66	-8.31509
2629	66.5	-7.81018
2630	67.5	-6.80526
2631	66	-8.30035
2632	66	-8.29544
2633	66	-8.29053
2634	67.5	-6.78562
2635	66.5	-7.7807
2636	66	-8.27579
2637	66.5	-7.77088
2638	66	-8.26597
2639	67	-7.26106
2640	66.5	-7.75615
2641	67	-7.25123
2642	67.5	-6.74632
2643	67	-7.24141
2644	67.5	-6.7365
2645	68.5	-5.73159
2646	66	-8.25172
2647	66	-8.24681
2648	66	-8.2419
2649	66	-8.23699
2650	66	-8.23208
2651	66	-8.22717
2652	66	-8.22225
2653	65.5	-8.71734
2654	66	-8.21243
2655	66	-8.20752
2656	66	-8.20261
2657	66	-8.1977
2658	66	-8.19278
2659	66.5	-7.68787
2660	66	-8.18296
2661	66	-8.17805
2662	67	-7.17314
2663	66	-8.16822
2664	67.5	-6.66331
2665	66.5	-7.6584
2666	67	-7.15349
2667	67	-7.14858
2668	65.5	-8.65889
2669	65	-9.15398
2670	66	-8.14907
2671	66	-8.14416
2672	66	-8.13925
2673	66	-8.13433
2674	66	-8.12942
2675	66	-8.12451
2676	65.5	-8.6196
2677	66.5	-7.61469
2678	66	-8.10977
2679	65.5	-8.60486
2680	66	-8.09995
2681	66	-8.09504
2682	66	-8.09013
2683	66	-8.08522
2684	67	-7.0803
2685	66	-8.07539
2686	67.5	-6.57048
2687	67.5	-6.56557
2688	66	-8.06115
2689	66	-8.05624
2690	66	-8.05132
2691	66	-8.04641
2692	66	-8.0415
2693	66	-8.03659
2694	66	-8.03168
2695	66.5	-7.52677
2696	66	-8.02185
2697	65.5	-8.51694
2698	66.5	-7.51203
2699	65.5	-8.50712
2700	66	-8.00221
2701	66.5	-7.4973
2702	66.5	-7.49238
2703	66	-7.98747
2704	66.5	-7.4634
2705	66.5	-7.45849
2706	66	-7.95358
2707	66	-7.94867
2708	65.5	-8.44376
2709	66	-7.93885
2710	66	-7.93393
2711	66	-7.92902
2712	66	-7.92411
2713	67	-6.9192
2714	66	-7.91429
2715	65.5	-8.40937
