1712	4	4	14
1856	5	7	15
1857	5	7	14
1858	5	10	15
1859	5	10	14
1860	5	6	15
1861	5	6	14
1862	5	11	15
1863	5	11	14
1864	5	8	15
1865	5	8	14
1866	4	2	15
1867	4	2	14
1868	5	9	15
1869	5	9	14
1870	4	5	15
1871	4	5	14
1872	4	3	15
1873	4	3	14
1874	4	10	15
1875	4	10	14
1884	3	3	15
1885	3	3	14
1886	5	15	15
1887	5	15	14
1888	5	14	15
1889	5	14	14
1890	4	15	15
1891	4	15	14
1892	4	12	15
1893	4	12	14
1894	3	5	15
1895	3	5	14
1896	3	4	15
1897	3	4	14
1898	4	13	15
1899	4	13	14
1900	5	1	15
1901	5	1	14
1902	5	3	15
1903	5	3	14
1904	5	7	13
1905	5	7	12
1906	5	10	13
1907	5	10	12
1908	5	6	13
1909	5	6	12
1910	5	11	13
1911	5	11	12
1912	5	8	13
1913	5	8	12
1914	4	2	13
1915	4	2	12
1916	5	9	13
1917	5	9	12
1918	4	5	13
1919	4	5	12
1920	4	3	13
1921	4	3	12
1922	4	10	13
1923	4	10	12
1932	3	3	13
1933	3	3	12
1934	5	15	13
1935	5	15	12
1936	5	14	13
1937	5	14	12
1938	4	15	13
1939	4	15	12
1940	4	12	13
1941	4	12	12
1942	3	5	13
1943	3	5	12
1944	3	4	13
1945	3	4	12
1946	4	13	13
1947	4	13	12
1948	5	1	13
1949	5	1	12
1950	5	3	13
1951	5	3	12
1952	5	7	11
1953	5	7	10
1954	5	10	11
1955	5	10	10
1956	5	6	11
1957	5	6	10
1958	5	11	11
1959	5	11	10
1960	5	8	11
1961	5	8	10
1962	4	2	11
1963	4	2	10
1964	5	9	11
1965	5	9	10
1966	4	5	11
1967	4	5	10
1968	4	3	11
1969	4	3	10
1970	4	10	11
1971	4	10	10
1972	4	7	15
1973	4	7	14
1974	4	11	15
1975	4	11	14
1976	5	13	15
1977	5	13	14
1978	5	12	15
1979	5	12	14
1980	3	3	11
1981	3	3	10
1982	5	15	11
1983	5	15	10
1984	5	14	11
1985	5	14	10
1986	4	15	11
1987	4	15	10
1988	4	12	11
1989	4	12	10
1990	3	5	11
1991	3	5	10
1992	3	4	11
1993	3	4	10
1994	4	13	11
1995	4	13	10
1996	5	1	11
1997	5	1	10
1998	5	3	11
1999	5	3	10
2000	5	7	9
2001	5	7	8
2002	5	10	9
2003	5	10	8
2004	5	6	9
2005	5	6	8
2006	5	11	9
2007	5	11	8
2008	5	8	9
2009	5	8	8
2010	4	2	9
2011	4	2	8
2012	5	9	9
2013	5	9	8
2014	4	5	9
2015	4	5	8
2016	4	3	9
2017	4	3	8
2018	4	10	9
2019	4	10	8
2020	4	7	13
2021	4	7	12
2022	4	11	13
2023	4	11	12
2024	5	13	13
2025	5	13	12
2026	5	12	13
2027	5	12	12
2028	3	3	9
2029	3	3	8
2030	5	15	9
2031	5	15	8
2032	5	14	9
2033	5	14	8
2034	4	15	9
2035	4	15	8
2036	4	12	9
2037	4	12	8
2038	3	5	9
2039	3	5	8
2040	3	4	9
2041	3	4	8
2042	4	13	9
2043	4	13	8
2044	5	1	9
2045	5	1	8
2046	5	3	9
2047	5	3	8
2048	5	7	7
2049	5	7	6
2050	5	10	7
2051	5	10	6
2052	5	6	7
2053	5	6	6
2054	5	11	7
2055	5	11	6
2056	5	8	7
2057	5	8	6
2058	4	2	7
2059	4	2	6
2060	5	9	7
2061	5	9	6
2062	4	5	7
2063	4	5	6
2064	4	3	7
2065	4	3	6
2066	4	10	7
2067	4	10	6
2068	4	7	11
2069	4	7	10
2070	4	11	11
2071	4	11	10
2072	5	13	11
2073	5	13	10
2074	5	12	11
2075	5	12	10
2076	3	3	7
2077	3	3	6
2078	5	15	7
2079	5	15	6
2080	5	14	7
2081	5	14	6
2082	4	15	7
2083	4	15	6
2084	4	12	7
2085	4	12	6
2086	3	5	7
2087	3	5	6
2088	3	4	7
2089	3	4	6
2090	4	13	7
2091	4	13	6
2092	5	1	7
2093	5	1	6
2094	5	3	7
2095	5	3	6
2096	5	7	5
2097	5	7	4
2098	5	10	5
2099	5	10	4
2100	5	6	5
2101	5	6	4
2102	5	11	5
2103	5	11	4
2104	5	8	5
2105	5	8	4
2106	4	2	5
2107	4	2	4
2108	5	9	5
2109	5	9	4
2110	4	5	5
2111	4	5	4
2112	4	3	5
2113	4	3	4
2114	4	10	5
2115	4	10	4
2116	4	7	9
2117	4	7	8
2118	4	11	9
2119	4	11	8
2120	5	13	9
2121	5	13	8
2122	5	12	9
2123	5	12	8
2124	3	3	5
2125	3	3	4
2126	5	15	5
2127	5	15	4
2128	5	14	5
2129	5	14	4
2130	4	15	5
2131	4	15	4
2132	4	12	5
2133	4	12	4
2134	3	5	5
2135	3	5	4
2136	3	4	5
2137	3	4	4
2138	4	13	5
2139	4	13	4
2140	5	1	5
2141	5	1	4
2142	5	3	5
2143	5	3	4
2144	5	7	3
2145	5	7	2
2146	5	10	3
2147	5	10	2
2148	5	6	3
2149	5	6	2
2150	5	11	3
2151	5	11	2
2152	5	8	3
2153	5	8	2
2154	4	2	3
2155	4	2	2
2156	5	9	3
2157	5	9	2
2158	4	5	3
2159	4	5	2
2160	4	3	3
2161	4	3	2
2162	4	10	3
2163	4	10	2
2164	4	7	7
2165	4	7	6
2166	4	11	7
2167	4	11	6
2168	5	13	7
2169	5	13	6
2170	5	12	7
2171	5	12	6
2172	3	3	3
2173	3	3	2
2174	5	15	3
2175	5	15	2
2176	5	14	3
2177	5	14	2
2178	4	15	3
2179	4	15	2
2180	4	12	3
2181	4	12	2
2182	3	5	3
2183	3	5	2
2184	3	4	3
2185	3	4	2
2186	4	13	3
2187	4	13	2
2188	5	1	3
2189	5	1	2
2190	5	3	3
2191	5	3	2
2192	5	7	1
2193	5	7	0
2194	5	10	1
2195	5	10	0
2196	5	6	1
2197	5	6	0
2198	5	11	1
2199	5	11	0
2200	5	8	1
2201	5	8	0
2202	4	2	1
2203	4	2	0
2204	5	9	1
2205	5	9	0
2206	4	5	1
2207	4	5	0
2208	4	3	1
2209	4	3	0
2210	4	10	1
2211	4	10	0
2212	4	7	5
2213	4	7	4
2214	4	11	5
2215	4	11	4
2216	5	13	5
2217	5	13	4
2218	5	12	5
2219	5	12	4
2220	3	3	1
2221	3	3	0
2222	5	15	1
2223	5	15	0
2224	5	14	1
2225	5	14	0
2226	4	15	1
2227	4	15	0
2228	4	12	1
2229	4	12	0
2230	3	5	1
2231	3	5	0
2232	3	4	1
2233	3	4	0
2234	4	13	1
2235	4	13	0
2236	5	1	1
2237	5	1	0
2238	5	3	1
2239	5	3	0
2597	5	0	2
2598	5	0	0
2599	5	0	3
2600	5	0	1
2601	5	4	2
2602	5	4	0
2603	5	4	3
2604	5	4	1
2605	5	2	1
2606	5	5	1
2607	5	5	5
2608	5	5	11
2609	4	9	10
2610	4	9	4
2611	4	9	0
2612	4	4	0
2613	4	6	2
2614	4	6	0
2615	4	6	3
2616	4	6	1
2617	4	0	2
2618	4	8	0
2619	4	0	3
2620	4	8	1
2622	5	0	6
2623	5	0	4
2624	5	0	7
2625	5	0	5
2626	5	4	6
2627	5	4	4
2628	5	4	5
2629	5	2	0
2630	5	2	3
2631	5	5	3
2632	5	5	7
2633	5	5	13
2634	4	9	12
2635	4	9	6
2636	4	9	2
2637	4	4	2
2638	4	4	1
2639	4	6	4
2640	4	6	7
2641	4	6	5
2642	4	0	6
2643	4	0	4
2644	4	0	7
2645	4	0	5
2646	5	0	10
2647	5	0	8
2648	5	0	9
2649	5	4	8
2650	5	4	9
2651	5	4	7
2652	5	2	2
2653	5	2	5
2654	5	5	0
2655	5	5	9
2656	5	5	15
2657	4	9	14
2658	4	9	8
2659	4	9	1
2660	4	4	4
2661	4	4	3
2662	4	6	8
2663	4	6	6
2664	4	6	9
2665	4	0	10
2666	4	0	8
2667	4	0	9
2668	5	0	12
2669	5	0	11
2670	5	4	10
2671	5	4	11
2672	5	2	6
2673	5	2	4
2674	5	2	7
2675	5	5	2
2676	5	5	4
2677	5	5	10
2678	4	9	11
2679	4	9	5
2680	4	9	3
2681	4	4	6
2682	4	4	7
2683	4	4	5
2684	4	6	10
2685	4	6	11
2686	4	0	12
2687	4	0	11
2688	5	4	13
2689	5	4	12
2690	5	2	10
2691	5	2	8
2692	5	2	11
2693	5	2	9
2694	5	5	6
2695	5	5	12
2696	4	9	13
2697	4	9	7
2698	4	4	10
2699	4	4	8
2700	4	4	11
2701	4	4	9
2702	4	6	12
2703	4	6	13
2704	5	2	14
2705	5	2	12
2706	5	2	15
2707	5	2	13
2708	5	5	8
2709	5	5	14
2710	4	9	15
2711	4	9	9
2713	4	4	12
2714	4	4	15
2715	4	4	13
