864	5	10	0
865	5	10	1
866	5	11	0
867	5	11	1
868	3	4	0
869	3	4	1
870	4	12	0
871	4	12	1
872	3	5	0
873	3	5	1
874	5	0	0
875	5	0	1
876	5	1	0
877	5	1	1
878	5	3	0
879	5	3	1
880	5	4	0
881	5	4	1
882	5	2	0
883	5	2	1
884	5	5	0
885	5	5	1
886	4	13	0
887	4	13	1
888	4	15	0
889	4	15	1
890	4	8	0
891	4	8	1
892	4	6	0
893	4	6	1
894	4	3	0
895	4	3	1
896	4	4	0
897	4	4	1
898	4	5	0
899	4	5	1
900	4	10	0
901	4	10	1
902	4	9	0
903	4	9	1
904	5	8	0
905	5	8	1
906	4	11	0
907	4	11	1
908	4	7	0
909	4	7	1
910	4	2	0
911	4	2	1
912	5	10	2
913	5	10	3
914	5	11	2
915	5	11	3
916	3	4	2
917	3	4	3
918	4	12	2
919	4	12	3
920	3	5	2
921	3	5	3
922	5	0	2
923	5	0	3
924	5	1	2
925	5	1	3
926	5	3	2
927	5	3	3
928	5	4	2
929	5	4	3
930	5	2	2
931	5	2	3
932	5	5	2
933	5	5	3
934	4	13	2
935	4	13	3
936	4	15	2
937	4	15	3
938	4	8	2
939	4	8	3
940	4	6	2
941	4	6	3
942	4	3	2
943	4	3	3
944	4	4	2
945	4	4	3
946	4	5	2
947	4	5	3
948	4	10	2
949	4	10	3
950	4	9	2
951	4	9	3
952	5	8	2
953	5	8	3
954	4	11	2
955	4	11	3
956	4	7	2
957	4	7	3
958	4	2	2
959	4	2	3
960	5	10	4
961	5	10	5
962	5	11	4
963	5	11	5
964	3	4	4
965	3	4	5
966	4	12	4
967	4	12	5
968	3	5	4
969	3	5	5
970	5	0	4
971	5	0	5
972	5	1	4
973	5	1	5
974	5	3	4
975	5	3	5
976	5	4	4
977	5	4	5
978	5	2	4
979	5	2	5
980	4	6	4
981	4	6	5
982	4	3	4
983	4	3	5
984	4	4	4
985	4	4	5
986	4	5	4
987	4	5	5
988	4	10	4
989	4	10	5
990	4	9	4
991	4	9	5
992	5	8	4
993	5	8	5
994	4	11	4
995	4	11	5
996	4	7	4
997	4	7	5
998	4	2	4
999	4	2	5
1000	5	10	6
1001	5	10	7
1002	5	11	6
1003	5	11	7
1004	3	4	6
1005	3	4	7
1006	4	12	6
1007	4	12	7
1008	3	5	6
1009	3	5	7
1010	5	0	6
1011	5	0	7
1012	5	1	6
1013	5	1	7
1014	5	3	6
1015	5	3	7
1016	5	4	6
1017	5	4	7
1018	5	2	6
1019	5	2	7
1020	4	6	6
1021	4	6	7
1022	4	3	6
1023	4	3	7
1024	4	4	6
1025	4	4	7
1026	4	5	6
1027	4	5	7
1028	4	10	6
1029	4	10	7
1030	4	9	6
1031	4	9	7
1032	5	8	6
1033	5	8	7
1034	4	11	6
1035	4	11	7
1036	4	7	6
1037	4	7	7
1038	4	2	6
1039	4	2	7
1040	5	10	8
1041	5	10	9
1042	5	11	8
1043	5	11	9
1044	3	4	8
1045	3	4	9
1046	4	12	8
1047	4	12	9
1048	3	5	8
1049	3	5	9
1050	5	0	8
1051	5	0	9
1052	5	1	8
1053	5	1	9
1054	5	3	8
1055	5	3	9
1056	5	4	8
1057	5	4	9
1058	5	2	8
1059	5	2	9
1060	4	6	8
1061	4	6	9
1062	4	3	8
1063	4	3	9
1064	4	4	8
1065	4	4	9
1066	4	5	8
1067	4	5	9
1068	4	10	8
1069	4	10	9
1070	4	9	8
1071	4	9	9
1072	5	8	8
1073	5	8	9
1074	4	11	8
1075	4	11	9
1076	4	7	8
1077	4	7	9
1078	4	2	8
1079	4	2	9
1080	5	10	10
1081	5	10	11
1082	5	11	10
1083	5	11	11
1084	3	4	10
1085	3	4	11
1086	4	12	10
1087	4	12	11
1088	3	5	10
1089	3	5	11
1090	5	0	10
1091	5	0	11
1092	5	1	10
1093	5	1	11
1094	5	3	10
1095	5	3	11
1096	5	4	10
1097	5	4	11
1098	5	2	10
1099	5	2	11
1100	4	6	10
1101	4	6	11
1102	4	3	10
1103	4	3	11
1104	4	4	10
1105	4	4	11
1106	4	5	10
1107	4	5	11
1108	4	10	10
1109	4	10	11
1110	4	9	10
1111	4	9	11
1112	5	8	10
1113	5	8	11
1114	4	11	10
1115	4	11	11
1116	4	7	10
1117	4	7	11
1118	4	2	10
1119	4	2	11
1280	5	10	13
1281	5	10	12
1282	5	11	13
1283	5	11	12
1284	3	4	13
1285	3	4	12
1286	4	12	13
1287	4	12	12
1288	3	5	13
1289	3	5	12
1290	5	0	13
1291	5	0	12
1292	5	1	13
1293	5	1	12
1294	5	3	13
1295	5	3	12
1296	5	4	13
1297	5	4	12
1298	5	2	13
1299	5	2	12
1300	5	5	5
1301	5	5	4
1302	4	13	5
1303	4	13	4
1304	4	15	5
1305	4	15	4
1306	4	8	5
1307	4	8	4
1308	4	6	13
1309	4	6	12
1310	4	3	13
1311	4	3	12
1312	4	4	13
1313	4	4	12
1314	4	5	13
1315	4	5	12
1316	4	10	13
1317	4	10	12
1318	4	9	13
1319	4	9	12
1320	5	8	13
1321	5	8	12
1322	4	11	13
1323	4	11	12
1324	4	7	13
1325	4	7	12
1326	4	2	13
1327	4	2	12
1328	5	10	15
1329	5	10	14
1330	5	11	15
1331	5	11	14
1332	3	4	15
1333	3	4	14
1334	4	12	15
1335	4	12	14
1336	3	5	15
1337	3	5	14
1338	5	0	15
1339	5	0	14
1340	5	1	15
1341	5	1	14
1342	5	3	15
1343	5	3	14
1344	5	4	15
1345	5	4	14
1346	5	2	15
1347	5	2	14
1348	5	5	7
1349	5	5	6
1350	4	13	7
1351	4	13	6
1352	4	15	7
1353	4	15	6
1354	4	8	7
1355	4	8	6
1356	4	6	15
1357	4	6	14
1358	4	3	15
1359	4	3	14
1360	4	4	15
1361	4	4	14
1362	4	5	15
1363	4	5	14
1364	4	10	15
1365	4	10	14
1366	4	9	15
1367	4	9	14
1368	5	8	15
1369	5	8	14
1370	4	11	15
1371	4	11	14
1372	4	7	15
1373	4	7	14
1374	4	2	15
1375	4	2	14
1376	5	7	15
1377	5	7	14
1378	5	7	13
1379	5	7	12
1380	5	7	11
1381	5	7	10
1382	5	7	9
1383	5	7	8
1384	5	7	7
1385	5	7	6
1386	5	7	5
1387	5	7	4
1388	5	7	3
1389	5	7	2
1390	5	7	1
1391	5	7	0
1392	5	6	15
1393	5	6	14
1394	5	6	13
1395	5	6	12
1396	5	6	11
1397	5	6	10
1398	5	6	9
1399	5	6	8
1400	5	6	7
1401	5	6	6
1402	5	6	5
1403	5	6	4
1404	5	6	3
1405	5	6	2
1406	5	6	1
1407	5	6	0
1408	5	9	15
1409	5	9	14
1410	5	9	13
1411	5	9	12
1412	5	9	11
1413	5	9	10
1414	5	9	9
1415	5	9	8
1416	5	9	7
1417	5	9	6
1418	5	9	5
1419	5	9	4
1420	5	9	3
1421	5	9	2
1422	5	9	1
1423	5	9	0
1424	5	12	15
1425	5	12	14
1426	5	12	13
1427	5	12	12
1428	5	12	11
1429	5	12	10
1430	5	12	9
1431	5	12	8
1432	5	12	7
1433	5	12	6
1434	5	12	5
1435	5	12	4
1436	5	12	3
1437	5	12	2
1438	5	12	1
1439	5	12	0
1440	5	13	15
1441	5	13	14
1442	5	13	13
1443	5	13	12
1444	5	13	11
1445	5	13	10
1446	5	13	9
1447	5	13	8
1448	5	13	7
1449	5	13	6
1450	5	13	5
1451	5	13	4
1452	5	13	3
1453	5	13	2
1454	5	13	1
1455	5	13	0
1456	4	0	15
1457	4	0	14
1458	4	0	13
1459	4	0	12
1460	4	0	11
1461	4	0	10
1462	4	0	9
1463	4	0	8
1464	4	0	7
1465	4	0	6
1466	4	0	5
1467	4	0	4
1468	4	0	3
1469	4	0	2
1470	4	0	1
1471	4	0	0
1472	3	3	15
1473	3	3	14
1474	3	3	13
1475	3	3	12
1476	3	3	11
1477	3	3	10
1478	3	3	9
1479	3	3	8
1480	3	3	7
1481	3	3	6
1482	3	3	5
1483	3	3	4
1484	3	3	3
1485	3	3	2
1486	3	3	1
1487	3	3	0
1488	5	15	15
1489	5	15	14
1490	5	15	13
1491	5	15	12
1492	5	15	11
1493	5	15	10
1494	5	15	9
1495	5	15	8
1496	5	15	7
1497	5	15	6
1498	5	15	5
1499	5	15	4
1500	5	15	3
1501	5	15	2
1502	5	15	1
1503	5	15	0
1504	5	14	15
1505	5	14	14
1506	5	14	13
1507	5	14	12
1508	5	14	11
1509	5	14	10
1510	5	14	9
1511	5	14	8
1512	5	14	7
1513	5	14	6
1514	5	14	5
1515	5	14	4
1516	5	14	3
1517	5	14	2
1518	5	14	1
1519	5	14	0
